strategic_region = {
	id = 2
	name = "STRATEGICREGION_2"

	provinces = {
		72 119 130 213 298 349 420 424 493 553 638 687 691 730 761 806 837 841 847 872 1000 1072 1094 1187 1220 1356 1363 1384 1388 1392 1490 1559 1623 1746 1757 1792 1882 1888 1972 2023 2057 2073 2088 2097 2101 2112 2117 2141 2144 2271 2334 2457 2462 2498 2572 2614 2625 2641 2677 2877 2898 2968 2986 3016 3022 3164 3206 3386 3460 3496 3539 3543 3554 3607 3652 3677 3767 3806 3827 3848 3868 3873 3935 3936 3970 4018 4031 4118 4126 4143 4163 4216 4219 4220 4267 4408 4488 4522 4537 4557 4586 4600 4626 4627 4631 4635 4641 4723 4734 4798 4806 4822 4855 4919 4988 5003 5022 5028 5100 5199 5200 5201 5208 5254 5311 5328 5333 5458 5463 5476 5508 5615 5641 5672 5685 5689 5717 5724 5741 5799 5801 5846 5925 5928 5964 5970 6026 6146 6158 6175 6182 6186 6195 6196 6198 6254 6262 6272 6284 6289 6319 6457 6470 6520 6647 6650 6684 6734 6737 6747 6758 6759 6768 6850 6882 6917 6976 6995 7035 7085 7104 7165 7179 7185 7271 7314 7316 7386 7427 7435 7465 7470 7472 7490 7703 7717 7812 7814 7950 8021 8036 8046 8056 8078 8122 8133 8137 8190 8197 8225 8229 8272 8309 8351 8363 8391 8394 8401 8484 8506 8531 8568 8650 8701 8778 8793 8815 8834 8871 8877 8882 8884 8907 8966 8974 9192 9226 9303 9310 9371 9396 9426 9430 9464 9533 9564 9602 9661 9673 9708 9715 9724 9859 9884 9981 9984 10010 10039 10052 10071 14272 14281 14290 14322 14325 14338 14345 14351 14356 14368 14369 14375 14382 14391 14399 14400 14425 14434 14455 14460 14479 14487 14488 14495 14523 14524 14525 14529 14537 14546 14547 14565 14573 14574 14577 14583 14584 14591 14611 14621 14639 14656 14661 14664 14670 14671 14695 14720 14739 14750 14753 14765 14770 14785 14791 14796 14804 14808 14816 14837 14862 14863 14869 14870 14883 14901 14904 14911 14912 14916 14935 14947 14966 14971 14979 14984 14995 15006 15019 15025 15031 15038 15065 15067 15083 15087 15106 15114 15120 15133 15147 15148 15178 15186 15191 15203 15208 15212 15225 15227 15232 15235 15239 15243 15250 15251 15260 15261 15262 15273 15278 15279 15286 15290 15299 15300 15310 15316 15321 15330 15331 15332 15335 15339 15340 15341 15350 15361 15362 15366 15367 15372 15373 15374 15378 15379 15380 15382 15386 15391 15404 15405 15410 15411 15415 15416 15417 15420 15426 15435 15436 15440 15447 15448 15449 15450 15451 15455 15469 15470 15480 15481 15482 15488 15489 15490 15491 15507 15514 15524 15525 15526 15531 15532 15533 15535 15536 15537 15543 15544 15553 15556 15557 15565 15566 15567 15578 15586 15589 15594 15595 15596 15599 15601 15605 15612 15616 15623 15624 15636 15642 15643 15653 15660 15661 15668 15674 15679 15680 15704 15708 15709 15710 15717 15718 15745 15753 15756 15772 15777 15778 15824 15860 15966 16919 16922 16924 17486 17631 17654 18142 18169 18310 18651 18657 
	}

	weather = {
		period = {
			between = { 0.0 15.2 }
			temperature = { -14 2 }
			no_phenomenon = 0.5
			rain_light = 0.15
			rain_heavy = 0
			snow = 0.15
			blizzard = 0
			arctic_water = 0
			mud = 0
			sandstorm = 0
			min_snow_level = 0
		}
		period = {
			between = { 16.2 15.5 }
			temperature = { 2 22 }
			no_phenomenon = 0.5
			rain_light = 0.2
			rain_heavy = 0.05
			snow = 0
			blizzard = 0
			arctic_water = 0
			mud = 0.05
			sandstorm = 0
			min_snow_level = 0
		}
		period = {
			between = { 16.5 15.7 }
			temperature = { 22 35 }
			no_phenomenon = 0.5
			rain_light = 0.25
			rain_heavy = 0
			snow = 0
			blizzard = 0
			arctic_water = 0
			mud = 0.1
			sandstorm = 0.25
			min_snow_level = 0
		}
		period = {
			between = { 16.7 15.9 }
			temperature = { 12 22 }
			no_phenomenon = 0.5
			rain_light = 0.25
			rain_heavy = 0.25
			snow = 0
			blizzard = 0
			arctic_water = 0
			mud = 0.15
			sandstorm = 0
			min_snow_level = 0
		}
		period = {
			between = { 16.9 0.1 }
			temperature = { -12 5 }
			no_phenomenon = 0.5
			rain_light = 0
			rain_heavy = 0
			snow = 0.3
			blizzard = 0
			arctic_water = 0
			mud = 0.05
			sandstorm = 0
			min_snow_level = 0
		}
	}
}
