strategic_region = {
	id = 11
	name = "STRATEGICREGION_11"

	provinces = {
		36 43 66 111 115 306 316 429 461 503 572 656 675 732 781 977 1127 1148 1186 1196 1211 1313 1343 1364 1435 1488 1548 1605 1616 1669 1770 1859 1952 1985 2083 2160 2169 2190 2218 2227 2265 2322 2451 2523 2525 2579 2640 2685 2746 2765 2839 2850 2902 2965 2975 2989 3000 3025 3058 3078 3094 3120 3176 3189 3342 3388 3399 3450 3497 3529 3591 3604 3608 3615 3631 3643 3662 3692 3702 3724 3726 3753 3866 3912 3938 3986 4105 4130 4250 4287 4289 4299 4309 4321 4372 4442 4445 4455 4489 4561 4590 4636 4737 4747 4780 4920 4951 5035 5061 5171 5175 5241 5266 5273 5368 5391 5398 5455 5529 5587 5651 5679 5774 5798 5812 5870 5887 5913 5917 5919 5933 6000 6071 6082 6168 6293 6361 6447 6471 6519 6538 6607 6638 6651 6658 6681 6855 6861 6864 7154 7215 7217 7347 7352 7388 7416 7440 7495 7572 7574 7576 7610 7635 7636 7670 7721 7738 7744 7751 7823 7870 7893 7991 8028 8166 8187 8288 8293 8296 8331 8361 8413 8481 8516 8539 8577 8599 8626 8659 8690 8691 8703 8705 8706 8719 8725 8743 8745 8747 8759 8854 8859 8860 8887 8910 8916 8978 8981 9003 9013 9033 9059 9091 9133 9146 9168 9169 9190 9296 9364 9447 9466 9491 9560 9573 9582 9600 9631 9637 9689 9709 9771 9795 9967 10041 10069 15727 15728 15754 15764 15775 15791 15794 15795 15802 15818 15822 15825 15836 15845 15852 15857 15875 15876 15882 15893 15907 15908 15913 15920 15933 15934 15967 15969 15978 15984 15985 15991 15999 16000 16003 16012 16017 16028 16032 16038 16044 16046 16051 16052 16055 16063 16066 16073 16075 16076 16083 16088 16093 16095 16098 16105 16115 16116 16119 16129 16132 16136 16140 16141 16144 16150 16152 16155 16156 16159 16160 16163 16168 16169 16170 16172 16173 16175 16176 16180 16182 16183 16184 16185 16187 16190 16194 16195 16196 16198 16199 16202 16203 16207 16208 16209 16210 16211 16212 16214 16215 16216 16217 16218 16219 16221 16222 16225 16226 16227 16228 16229 16230 16231 16232 16233 16234 16236 16238 16239 16243 16244 16245 16246 16247 16248 16249 16250 16251 16252 16253 16254 16255 16256 16257 16259 16261 16262 16263 16265 16266 16267 16268 16269 16270 16271 16273 16274 16276 16277 16278 16280 16281 16283 16285 16286 16287 16288 16291 16292 16295 16296 16297 16298 16299 16300 16301 16302 16303 16307 16309 16310 16311 16313 16315 16316 16317 16319 16320 16322 16323 16325 16327 16329 16330 16332 16334 16338 16339 16340 16341 16342 16344 16345 16351 16352 16359 16364 17744 18311 18331 18416 18422 18429 18687 
	}

	weather = {
		period = {
			between = { 0.0 15.2 }
			temperature = { -4 6 }
			no_phenomenon = 0.5
			rain_light = 0.05
			rain_heavy = 0
			snow = 0.05
			blizzard = 0
			arctic_water = 0
			mud = 0.01
			sandstorm = 0
			min_snow_level = 0
		}
		period = {
			between = { 16.2 15.5 }
			temperature = { 14 26 }
			no_phenomenon = 0.5
			rain_light = 0.15
			rain_heavy = 0.15
			snow = 0
			blizzard = 0
			arctic_water = 0
			mud = 0.15
			sandstorm = 0.1
			min_snow_level = 0
		}
		period = {
			between = { 16.5 15.7 }
			temperature = { 19 28 }
			no_phenomenon = 0.5
			rain_light = 0.15
			rain_heavy = 0.15
			snow = 0
			blizzard = 0
			arctic_water = 0
			mud = 0.1
			sandstorm = 0.2
			min_snow_level = 0
		}
		period = {
			between = { 16.7 15.9 }
			temperature = { 4 11 }
			no_phenomenon = 0.5
			rain_light = 0.15
			rain_heavy = 0
			snow = 0.15
			blizzard = 0
			arctic_water = 0
			mud = 0.15
			sandstorm = 0
			min_snow_level = 0
		}
		period = {
			between = { 16.9 0.1 }
			temperature = { -2 4 }
			no_phenomenon = 0.5
			rain_light = 0
			rain_heavy = 0
			snow = 0.4
			blizzard = 0
			arctic_water = 0
			mud = 0
			sandstorm = 0
			min_snow_level = 0
		}
	}
}
