strategic_region = {
	id = 12
	name = "STRATEGICREGION_12"

	provinces = {
		53 84 151 265 654 709 815 875 924 964 1013 1064 1129 1133 1150 1161 1293 1332 1344 1380 1478 1533 1608 1851 1914 2013 2018 2110 2130 2183 2296 2364 2385 2418 2423 2469 2501 2584 2643 2717 2767 2831 2880 2936 3048 3085 3090 3125 3133 3260 3436 3498 3515 3553 3566 3671 3851 3888 4003 4048 4056 4070 4210 4245 4249 4429 4475 4505 4523 4532 4554 4556 4724 4818 4936 5017 5058 5101 5110 5119 5136 5141 5160 5164 5215 5390 5400 5457 5472 5486 5490 5499 5593 5601 5648 5650 5711 5771 5826 5828 5851 5886 5934 5935 5943 5996 5997 6100 6152 6199 6285 6313 6356 6549 6576 6643 6702 6708 6748 6782 6802 6841 6858 6867 6934 6957 6979 7003 7022 7034 7054 7082 7133 7162 7167 7180 7190 7194 7278 7305 7340 7342 7389 7405 7406 7466 7489 7518 7538 7540 7557 7568 7591 7631 7734 7767 7787 7791 7798 7822 7866 7879 7894 7918 7927 7975 8014 8022 8087 8152 8159 8212 8263 8286 8290 8335 8367 8556 8582 8627 8657 8772 8790 8850 9034 9065 9165 9183 9257 9366 9375 9402 9411 9422 9448 9566 9595 9667 9682 9692 9713 9735 9803 9808 9851 9870 9922 9994 10045 10059 14735 14792 14797 14810 14850 14864 14884 14892 14893 14898 14917 14920 14924 14931 14932 14933 14955 14958 14989 14991 14992 14993 14996 15010 15015 15020 15039 15047 15051 15057 15068 15069 15070 15074 15075 15084 15093 15094 15102 15108 15109 15118 15121 15124 15125 15128 15139 15140 15157 15158 15172 15179 15180 15181 15187 15192 15199 15209 15213 15228 15236 15244 15245 15258 15266 15267 15274 15280 15291 15294 15295 15311 15322 15327 15336 15342 15347 15351 15353 15354 15355 15356 15363 15364 15368 15392 15394 15396 15397 15400 15421 15422 15427 15433 15437 15441 15442 15443 15456 15457 15458 15459 15464 15467 15468 15471 15476 15492 15496 15497 15500 15508 15509 15510 15515 15518 15519 15527 15538 15539 15545 15548 15562 15568 15569 15570 15575 15579 15580 15581 15587 15590 15597 15613 15614 15619 15621 15625 15626 15630 15639 15640 15648 15654 15663 15664 15665 15666 15669 15681 15683 15684 15688 15689 15690 15692 15693 15696 15697 15698 15713 15720 15723 15725 15734 15735 15741 15749 15752 15770 15774 15797 15801 15810 15827 15828 15840 15855 15864 15865 15900 15924 17579 17619 17748 17785 18202 18203 18206 18230 18242 18260 18262 18290 18660 18663 18664 18665 18669 18674 18675 18676 18679 18681 18682 
	}

	weather = {
		period = {
			between = { 0.0 15.2 }
			temperature = { -12.6 -3.6 }
			no_phenomenon = 0.5
			rain_light = 0.1
			rain_heavy = 0
			snow = 0.3
			blizzard = 0
			arctic_water = 0
			mud = 0.05
			sandstorm = 0
			min_snow_level = 0
		}
		period = {
			between = { 16.2 15.5 }
			temperature = { 4.7 16.9 }
			no_phenomenon = 0.5
			rain_light = 0.2
			rain_heavy = 0.05
			snow = 0
			blizzard = 0
			arctic_water = 0
			mud = 0.05
			sandstorm = 0
			min_snow_level = 0
		}
		period = {
			between = { 16.5 15.7 }
			temperature = { 16.2 18.9 }
			no_phenomenon = 0.5
			rain_light = 0.1
			rain_heavy = 0.1
			snow = 0
			blizzard = 0
			arctic_water = 0
			mud = 0.05
			sandstorm = 0
			min_snow_level = 0
		}
		period = {
			between = { 16.7 15.9 }
			temperature = { -5.4 10.4 }
			no_phenomenon = 0.5
			rain_light = 0.1
			rain_heavy = 0.1
			snow = 0.1
			blizzard = 0
			arctic_water = 0
			mud = 0.1
			sandstorm = 0
			min_snow_level = 0
		}
		period = {
			between = { 16.9 31.12 }
			temperature = { -10.7 -5.4 }
			no_phenomenon = 0.5
			rain_light = 0.1
			rain_heavy = 0.1
			snow = 0.4
			blizzard = 0
			arctic_water = 0
			mud = 0
			sandstorm = 0
			min_snow_level = 0
		}
	}
}
