strategic_region = {
	id = 14
	name = "STRATEGICREGION_14"

	provinces = {
		93 105 127 129 134 227 307 337 358 395 396 471 473 476 514 547 556 574 581 603 627 659 677 703 776 922 928 941 986 1020 1050 1128 1209 1283 1373 1585 1832 1835 1870 1920 1991 1993 2012 2091 2096 2165 2177 2215 2256 2309 2456 2470 2478 2502 2519 2524 2550 2600 2651 2674 2702 2754 2823 2843 3044 3050 3067 3084 3103 3111 3166 3183 3215 3440 3441 3575 3616 3727 3776 3797 3819 3879 3886 3910 3915 3927 3957 3959 3985 4033 4045 4059 4079 4096 4153 4167 4257 4261 4278 4413 4415 4480 4492 4606 4704 4721 4726 4727 4754 4757 4795 4807 4866 4888 4901 4952 4992 5033 5099 5108 5112 5124 5132 5140 5142 5149 5167 5188 5194 5238 5270 5289 5322 5354 5422 5441 5462 5468 5483 5489 5519 5602 5622 5625 5630 5719 5752 5822 5837 5938 6015 6083 6147 6228 6237 6252 6264 6336 6428 6467 6483 6518 6531 6568 6616 6645 6672 6697 6719 6723 6745 6849 6881 6898 6920 6985 6990 7028 7052 7134 7188 7192 7264 7282 7286 7294 7396 7500 7512 7526 7541 7596 7616 7646 7708 7713 7719 7737 7745 7754 7757 7765 7776 7802 7831 7832 7877 7881 7921 7923 7955 7959 7972 7976 8003 8048 8055 8068 8147 8156 8165 8173 8227 8244 8247 8287 8342 8368 8381 8405 8448 8465 8477 8514 8555 8586 8625 8639 8726 8868 8879 8955 8979 9103 9105 9151 9153 9157 9171 9206 9234 9276 9311 9323 9348 9377 9414 9469 9478 9480 9498 9500 9540 9547 9777 9793 9872 9873 9931 9953 9965 9985 9992 10024 10093 12615 13354 13361 13398 13399 13473 13516 13549 13559 13604 13631 13647 13689 13690 13704 13705 13720 13736 13742 13768 13773 13778 13803 13808 13813 13814 13819 13837 13850 13858 13865 13869 13878 13882 13897 13906 13913 13914 13926 13927 13934 13942 13943 13968 13983 13984 13993 13998 13999 14010 14021 14031 14047 14048 14056 14057 14058 14068 14073 14074 14075 14081 14082 14090 14091 14110 14118 14124 14125 14126 14133 14151 14154 14155 14169 14175 14181 14186 14199 14203 14220 14224 14228 14251 14264 14265 14269 14271 14279 14286 14287 14293 14302 14311 14321 14324 14344 14359 14390 14398 14409 14410 14415 14431 14439 14443 14444 14451 14467 14468 14469 14481 14494 14503 14512 14517 14518 14544 14552 14564 14606 14615 14616 14655 14663 14717 14725 14729 14742 14755 14763 14784 14803 14818 14839 14849 14856 14861 14880 14903 14919 14941 14970 14978 14999 15003 15018 15033 15044 15048 15061 15072 15092 15112 15113 15131 15156 15168 15177 15197 15207 15216 15221 15230 15238 15242 15256 15289 15302 15320 15333 15334 15343 15344 15345 15371 15389 15390 15403 15414 15446 15454 15479 15495 15498 15504 15506 15542 15547 15564 15572 15585 15588 15592 15593 15603 15629 15635 15641 15658 15659 15673 15682 15707 15712 15733 15738 15760 16916 17478 17494 17497 17500 17506 17515 17519 17525 17536 17544 17553 17566 17569 17573 17574 17576 17590 17601 17603 17612 17621 17635 17644 17648 17667 17677 17704 17708 17737 17757 17765 17803 17805 17809 17818 17822 17960 17964 17966 17972 17973 17978 17982 17988 17990 17996 17997 17998 18042 18044 18045 18047 18053 18056 18062 18087 18088 18089 18091 18092 18094 18097 18099 18101 18104 18133 18138 18145 18146 18149 18156 18160 18164 18165 18167 18182 18185 18186 18246 18269 18272 18277 18279 18285 18295 18296 18302 18305 18306 18447 18449 18450 18451 18452 18454 18455 18456 18457 18458 18459 18460 18461 18463 18464 18465 18466 18467 18468 18493 18495 18496 18497 18501 18502 18503 18505 18506 18507 18508 18509 18511 18512 18515 18516 18519 18522 18560 18673 
	}

	weather = {
		period = {
			between = { 0.0 15.2 }
			temperature = { -21 -6.4 }
			no_phenomenon = 0.5
			rain_light = 0.05
			rain_heavy = 0
			snow = 0.1
			blizzard = 0
			arctic_water = 0
			mud = 0.01
			sandstorm = 0
			min_snow_level = 0
		}
		period = {
			between = { 16.2 15.5 }
			temperature = { 4.9 19.4 }
			no_phenomenon = 0.5
			rain_light = 0.2
			rain_heavy = 0.05
			snow = 0
			blizzard = 0
			arctic_water = 0
			mud = 0.15
			sandstorm = 0
			min_snow_level = 0
		}
		period = {
			between = { 16.5 15.7 }
			temperature = { 19.4 22.2 }
			no_phenomenon = 0.5
			rain_light = 0.15
			rain_heavy = 0.15
			snow = 0
			blizzard = 0
			arctic_water = 0
			mud = 0.1
			sandstorm = 0
			min_snow_level = 0
		}
		period = {
			between = { 16.7 15.9 }
			temperature = { -9.8 13 }
			no_phenomenon = 0.5
			rain_light = 0.15
			rain_heavy = 0
			snow = 0.15
			blizzard = 0
			arctic_water = 0
			mud = 0.15
			sandstorm = 0
			min_snow_level = 0
		}
		period = {
			between = { 16.9 31.12 }
			temperature = { -19.8 -9.8 }
			no_phenomenon = 0.5
			rain_light = 0
			rain_heavy = 0
			snow = 0.4
			blizzard = 0
			arctic_water = 0
			mud = 0
			sandstorm = 0
			min_snow_level = 0
		}
	}
}
