strategic_region = {
	id = 15
	name = "STRATEGICREGION_15"

	provinces = {
		10 18 40 44 118 133 233 330 449 459 480 481 576 578 585 629 748 812 889 905 919 932 999 1002 1076 1096 1102 1132 1275 1298 1314 1354 1359 1386 1401 1409 1420 1422 1443 1459 1464 1476 1481 1482 1523 1530 1567 1577 1581 1601 1650 1674 1675 1682 1685 1756 1760 1899 1902 1908 1951 1970 1977 2005 2017 2031 2075 2106 2136 2150 2188 2229 2231 2333 2341 2344 2414 2480 2513 2543 2548 2570 2593 2611 2629 2667 2709 2715 2817 2856 2869 2879 2916 2948 2971 2972 3033 3034 3105 3137 3208 3240 3356 3371 3457 3465 3492 3506 3510 3544 3556 3583 3586 3627 3635 3678 3707 3725 3734 3736 3746 3752 3773 3805 3831 3855 3932 3933 3958 3961 3982 3984 4021 4058 4068 4103 4112 4176 4184 4207 4260 4276 4283 4314 4343 4393 4394 4433 4456 4466 4469 4473 4493 4662 4688 4745 4756 4759 4778 4784 4841 4891 4910 4911 4921 4935 4950 4975 5037 5139 5145 5159 5226 5230 5235 5268 5271 5290 5324 5362 5384 5388 5448 5456 5481 5485 5510 5527 5561 5591 5600 5607 5640 5643 5684 5699 5706 5715 5761 5780 5814 5831 5855 5892 5962 5969 6001 6048 6056 6068 6122 6208 6244 6261 6269 6291 6295 6297 6298 6323 6344 6358 6363 6365 6442 6443 6480 6486 6509 6547 6553 6557 6575 6602 6630 6661 6668 6671 6685 6760 6783 6870 6905 6950 6986 6988 7000 7001 7069 7074 7075 7080 7089 7092 7101 7117 7196 7211 7222 7240 7252 7265 7277 7312 7321 7327 7346 7422 7475 7484 7494 7503 7506 7517 7592 7598 7603 7608 7640 7643 7648 7655 7661 7663 7667 7673 7674 7690 7711 7722 7726 7730 7755 7768 7799 7819 7821 7835 7838 7841 7844 7847 7852 7864 7933 7936 8004 8010 8037 8066 8086 8106 8113 8150 8155 8174 8211 8224 8234 8250 8258 8269 8302 8315 8369 8385 8421 8427 8440 8456 8500 8509 8510 8511 8550 8569 8584 8652 8668 8686 8692 8783 8832 8845 8862 8870 8972 8992 9007 9027 9067 9070 9083 9094 9187 9228 9242 9269 9299 9322 9330 9340 9349 9363 9368 9387 9405 9444 9505 9537 9556 9583 9615 9628 9645 9647 9652 9674 9678 9693 9719 9722 9730 9747 9754 9757 9783 9784 9787 9790 9876 9879 9890 9894 9911 9940 9942 10017 10031 10042 10049 10084 10086 10088 10094 10100 13215 13276 13335 13370 13448 13491 13514 13565 13566 13595 13609 13611 13616 13637 13639 13660 13665 13670 13688 13696 13719 13728 13734 13761 13772 13776 13785 13786 13797 13807 13818 13843 13844 13856 13862 13863 13864 13881 13896 13905 13925 13933 13952 13961 13962 13967 13972 13991 13992 13996 14026 14027 14029 14030 14070 14072 14087 14088 14089 14117 14122 14123 14143 14150 14157 14168 14174 14180 14196 14197 14198 14219 14241 14242 14256 14257 14262 14263 14277 14278 14310 14320 14323 14330 14333 14336 14343 14365 14366 14372 14379 14386 14387 14389 14397 14417 14419 14438 14442 14450 14465 14466 14480 14485 14493 14501 14506 14515 14516 14532 14535 14541 14542 14543 14575 14597 14598 14599 14604 14605 14607 14608 14609 14624 14636 14637 14643 14648 14653 14654 14660 14667 14668 14684 14685 14692 14697 14698 14703 14704 14709 14710 14713 14719 14728 14737 14741 14747 14748 14758 14759 14760 14761 14762 14768 14777 14778 14779 14783 14790 14801 14805 14806 14814 14815 14817 14824 14828 14829 14838 14848 14853 14854 14855 14860 14867 14868 14875 14876 14885 14895 14900 14908 14909 14910 14915 14930 14940 14943 14949 14953 14962 14963 14964 14968 14969 14976 14977 14983 14987 14988 15002 15008 15017 15029 15032 15035 15036 15042 15043 15055 15056 15060 15071 15079 15080 15081 15090 15091 15099 15104 15111 15122 15123 15126 15130 15134 15135 15143 15145 15146 15155 15159 15161 15167 15173 15184 15190 15195 15196 15202 15210 15215 15220 15222 15223 15224 15241 15248 15253 15254 15255 15264 15269 15275 15276 15283 15284 15288 15292 15293 15297 15298 15301 15304 15309 15313 15314 15318 15319 15326 15329 15338 15348 15349 15352 15358 15359 15360 15377 15387 15388 15393 15402 15407 15408 15409 15413 15418 15424 15425 15430 15431 15432 15434 15439 15453 15461 15462 15466 15474 15475 15478 15487 15493 15494 15502 15503 15517 15521 15522 15528 15529 15534 15551 15552 15561 15563 15574 15576 15577 15598 15610 15618 15622 15628 15634 15647 15657 15671 15672 15677 15678 15702 15715 15732 17565 17608 17639 17640 17713 17740 17766 18172 18175 18176 18179 18180 18192 18193 18194 18196 18198 18199 18200 18204 18208 18214 18240 18259 18299 18656 18661 18670 
	}

	weather = {
		period = {
			between = { 0.0 15.2 }
			temperature = { -21 -6.4 }
			no_phenomenon = 0.5
			rain_light = 0.05
			rain_heavy = 0
			snow = 0.1
			blizzard = 0
			arctic_water = 0
			mud = 0.01
			sandstorm = 0
			min_snow_level = 0
		}
		period = {
			between = { 16.2 15.5 }
			temperature = { 4.9 19.4 }
			no_phenomenon = 0.5
			rain_light = 0.2
			rain_heavy = 0.05
			snow = 0
			blizzard = 0
			arctic_water = 0
			mud = 0.15
			sandstorm = 0
			min_snow_level = 0
		}
		period = {
			between = { 16.5 15.7 }
			temperature = { 19.4 22.2 }
			no_phenomenon = 0.5
			rain_light = 0.15
			rain_heavy = 0.15
			snow = 0
			blizzard = 0
			arctic_water = 0
			mud = 0.1
			sandstorm = 0
			min_snow_level = 0
		}
		period = {
			between = { 16.7 15.9 }
			temperature = { -9.8 13 }
			no_phenomenon = 0.5
			rain_light = 0.15
			rain_heavy = 0
			snow = 0.15
			blizzard = 0
			arctic_water = 0
			mud = 0.15
			sandstorm = 0
			min_snow_level = 0
		}
		period = {
			between = { 16.9 31.12 }
			temperature = { -19.8 -9.8 }
			no_phenomenon = 0.5
			rain_light = 0
			rain_heavy = 0
			snow = 0.4
			blizzard = 0
			arctic_water = 0
			mud = 0
			sandstorm = 0
			min_snow_level = 0
		}
	}
}
