strategic_region = {
	id = 18
	name = "STRATEGICREGION_18"

	provinces = {
		20 35 180 254 288 329 422 533 567 617 857 865 866 1048 1227 1345 1491 1504 1540 1541 1580 1643 1652 1658 1763 1774 1945 1958 1978 2030 2038 2039 2077 2274 2382 2397 2402 2463 2471 2499 2547 2560 2612 2680 2693 2699 2835 2848 2868 2970 2977 2998 3063 3142 3145 3169 3239 3245 3285 3287 3288 3338 3367 3385 3396 3472 3526 3563 3572 3609 3629 3653 3689 3698 3783 3832 3854 3875 3903 3916 3983 4082 4084 4164 4208 4223 4231 4236 4265 4323 4354 4359 4366 4384 4389 4401 4509 4548 4558 4564 4630 4706 4729 4776 4811 4814 4844 4857 4912 4932 4933 4940 4942 4973 4981 5002 5019 5086 5147 5207 5245 5282 5292 5314 5319 5332 5355 5360 5399 5401 5403 5412 5413 5511 5528 5554 5605 5667 5678 5695 5733 5744 5800 5827 5833 5861 5872 5912 5927 5982 6006 6047 6050 6093 6110 6128 6217 6288 6320 6332 6386 6390 6395 6402 6452 6477 6506 6606 6623 6680 6688 6757 6793 6803 6806 6838 6845 6846 6901 6902 6960 7055 7056 7060 7131 7225 7245 7284 7285 7288 7293 7298 7309 7329 7362 7370 7376 7423 7424 7451 7476 7492 7502 7546 7552 7570 7614 7658 7676 7682 7727 7771 7772 7836 7860 7883 7913 7915 7916 7964 8124 8128 8164 8214 8371 8395 8399 8580 8689 8713 8724 8730 8741 8751 8797 8813 8836 8883 8921 8939 8943 8973 9029 9041 9064 9077 9082 9106 9118 9240 9252 9336 9342 9352 9383 9438 9536 9580 9585 9591 9636 9781 9794 9820 9827 9878 9908 9918 9925 9983 9988 10016 10033 10047 10051 10085 12758 12820 12839 12885 12898 12920 12970 13009 13010 13036 13042 13082 13136 13153 13166 13167 13168 13187 13194 13201 13209 13225 13236 13252 13259 13283 13310 13329 13349 13368 13375 13380 13381 13403 13406 13417 13424 13428 13435 13441 13456 13468 13475 13476 13502 13517 13521 13533 13534 13544 13545 13553 13554 13574 13576 13587 13591 13607 13623 13629 13633 13642 13643 13648 13654 13658 13664 13677 13685 13686 13708 13709 13710 13723 13752 13756 13782 13789 13790 13800 13801 13815 13848 13853 13873 13874 13901 13919 13936 13947 13948 13949 13958 13969 13970 13978 13989 14003 14012 14017 14024 14034 14037 14038 14061 14062 14067 14080 14085 14086 14102 14115 14116 14120 14130 14131 14142 14156 14162 14172 14182 14194 14200 14201 14210 14216 14225 14259 14273 14274 14282 14285 14291 14296 14297 14312 14339 14340 14341 14346 14347 14350 14376 14383 14384 14392 14404 14405 14416 14420 14426 14452 14456 14461 14471 14482 14489 14508 14509 14519 14538 14554 14556 14557 14566 14569 14578 14585 14592 14593 14601 14625 14640 14657 14662 14672 14673 14681 14688 14689 14701 14702 14705 14714 14721 14722 14756 14766 14771 14775 14786 14809 14831 14834 14871 14877 14891 14897 14923 14936 14937 14980 15014 15034 15049 15050 15088 15107 15171 17695 17701 18125 18183 18647 18649 18667 18668 
	}

	weather = {
		period = {
			between = { 0.0 15.2 }
			temperature = { -12.6 -3.6 }
			no_phenomenon = 0.5
			rain_light = 0.1
			rain_heavy = 0
			snow = 0.3
			blizzard = 0
			arctic_water = 0
			mud = 0.05
			sandstorm = 0
			min_snow_level = 0
		}
		period = {
			between = { 16.2 15.5 }
			temperature = { 4.7 16.9 }
			no_phenomenon = 0.5
			rain_light = 0.2
			rain_heavy = 0.05
			snow = 0
			blizzard = 0
			arctic_water = 0
			mud = 0.05
			sandstorm = 0
			min_snow_level = 0
		}
		period = {
			between = { 16.5 15.7 }
			temperature = { 16.2 18.9 }
			no_phenomenon = 0.5
			rain_light = 0.1
			rain_heavy = 0.1
			snow = 0
			blizzard = 0
			arctic_water = 0
			mud = 0.05
			sandstorm = 0
			min_snow_level = 0
		}
		period = {
			between = { 16.7 15.9 }
			temperature = { -5.4 10.4 }
			no_phenomenon = 0.5
			rain_light = 0.1
			rain_heavy = 0.1
			snow = 0.1
			blizzard = 0
			arctic_water = 0
			mud = 0.1
			sandstorm = 0
			min_snow_level = 0
		}
		period = {
			between = { 16.9 31.12 }
			temperature = { -10.7 -5.4 }
			no_phenomenon = 0.5
			rain_light = 0.1
			rain_heavy = 0.1
			snow = 0.4
			blizzard = 0
			arctic_water = 0
			mud = 0
			sandstorm = 0
			min_snow_level = 0
		}
	}
}
