strategic_region = {
	id = 19
	name = "STRATEGICREGION_19"

	provinces = {
		82 83 154 217 256 363 404 483 504 510 519 635 650 680 764 833 878 881 944 959 1070 1139 1144 1175 1236 1248 1258 1403 1474 1475 1498 1602 1730 1841 1873 1903 1905 1936 1955 1974 2060 2151 2192 2194 2203 2306 2443 2447 2505 2580 2598 2606 2635 2649 2670 2691 2800 2896 2912 2979 3049 3167 3238 3262 3267 3283 3290 3345 3351 3369 3584 3633 3644 3667 3750 3779 3786 3787 3923 4029 4062 4078 4109 4128 4149 4255 4274 4380 4452 4529 4531 4545 4614 4650 4689 4730 4801 4809 4861 4869 4939 5051 5059 5078 5088 5180 5252 5264 5276 5316 5357 5358 5423 5431 5453 5487 5488 5498 5563 5747 5802 5894 5973 5986 6003 6036 6058 6099 6138 6170 6364 6367 6372 6408 6528 6530 6597 6611 6615 6711 6836 6840 6843 6852 6876 6880 7018 7038 7057 7068 7086 7178 7200 7237 7238 7251 7369 7382 7558 7664 7692 7702 7756 7766 7780 7846 7885 7922 7930 7999 8042 8047 8101 8104 8109 8204 8240 8254 8310 8317 8328 8330 8373 8402 8404 8502 8606 8678 8684 8728 8781 8874 8915 8920 8956 9000 9009 9116 9126 9161 9176 9193 9196 9237 9259 9275 9467 9518 9523 9534 9570 9639 9657 9687 9688 9705 9710 9750 9778 9779 9824 9849 9866 9892 9901 9905 9906 10006 10037 10080 10082 10611 10621 10623 10631 10639 10644 10645 10658 10663 10666 10667 10670 10678 10681 10684 10686 10694 10698 10706 10714 10715 10716 10720 10725 10729 10738 10746 10747 10752 10753 10764 10768 10775 10780 10785 10793 10816 10829 10830 10839 10848 10849 10858 10864 10865 10868 10880 10887 10891 10896 10902 10919 10920 10925 10926 10927 10928 10929 10950 10951 10953 10954 10955 10957 10961 10981 10989 10990 11002 11007 11008 11009 11014 11020 11029 11035 11045 11048 11062 11074 11080 11089 11100 11106 11116 11127 11149 11166 11169 11179 11189 11190 11196 11198 11212 11227 11228 11232 11233 11249 11255 11262 11274 11275 11278 11279 11286 11303 11306 11316 11327 11328 11336 11337 11349 11354 11362 11376 11379 11393 11401 11440 11450 11461 11466 11477 11478 11485 11502 11504 11514 11526 11530 11538 11543 11550 11557 11563 11568 11576 11591 11602 11603 11609 11619 11630 11635 11636 11642 11660 11669 11675 11686 11698 11714 11724 11734 11746 11795 11804 11811 11842 11843 11868 11891 11897 11901 11944 11966 11991 12028 12032 12059 12085 12092 12125 12184 12242 12284 16769 16795 16796 16809 16817 16819 17135 17422 17507 17529 17540 17546 17549 17584 17605 17610 17617 17630 17637 17652 17662 17676 17719 17721 17735 17736 17751 17783 17883 17895 17904 17906 17918 17921 17926 17933 17935 17977 17979 17985 17989 17992 18013 18022 18023 18209 18210 18215 18217 18222 18223 18231 18237 18243 18248 18249 18254 18256 18257 18585 18587 18588 18589 18593 18595 18596 18598 18599 18604 18606 18611 
	}

	weather = {
		period = {
			between = { 0.0 15.2 }
			temperature = { -11.6 -5.5 }
			no_phenomenon = 0.5
			rain_light = 0
			rain_heavy = 0
			snow = 0.3
			blizzard = 0
			arctic_water = 0
			mud = 0.05
			sandstorm = 0
			min_snow_level = 0
		}
		period = {
			between = { 16.2 15.5 }
			temperature = { 0.8 13.1 }
			no_phenomenon = 0.5
			rain_light = 0.05
			rain_heavy = 0
			snow = 0
			blizzard = 0
			arctic_water = 0
			mud = 0.2
			sandstorm = 0
			min_snow_level = 0
		}
		period = {
			between = { 16.5 15.7 }
			temperature = { 8.8 16.5 }
			no_phenomenon = 0.5
			rain_light = 0.1
			rain_heavy = 0.1
			snow = 0
			blizzard = 0
			arctic_water = 0
			mud = 0.2
			sandstorm = 0
			min_snow_level = 0
		}
		period = {
			between = { 16.7 15.9 }
			temperature = { -4.2 8.8 }
			no_phenomenon = 0.5
			rain_light = 0.1
			rain_heavy = 0.1
			snow = 0.1
			blizzard = 0
			arctic_water = 0
			mud = 0.1
			sandstorm = 0
			min_snow_level = 0
		}
		period = {
			between = { 16.9 0.1 }
			temperature = { -8.2 -4.2 }
			no_phenomenon = 0.5
			rain_light = 0.1
			rain_heavy = 0.1
			snow = 0.15
			blizzard = 0
			arctic_water = 0
			mud = 0
			sandstorm = 0
			min_snow_level = 0
		}
	}
}
