strategic_region = {
	id = 21
	name = "STRATEGICREGION_21"

	provinces = {
		67 68 117 122 183 197 345 365 415 447 666 710 782 819 835 868 898 1006 1021 1051 1152 1245 1264 1330 1429 1575 1624 1747 1783 1802 1900 1954 2058 2081 2108 2131 2138 2212 2247 2249 2383 2441 2442 2682 2787 2857 2899 2932 2950 2951 3038 3054 3097 3140 3264 3270 3352 3366 3381 3398 3412 3429 3471 3558 3574 3611 3712 3740 3796 3830 3845 3846 3870 3925 3979 3987 4002 4025 4061 4127 4159 4229 4239 4344 4353 4451 4623 4632 4709 4785 4797 4830 4836 4856 4865 4877 4987 5009 5102 5151 5166 5168 5173 5177 5187 5222 5344 5404 5479 5507 5558 5673 5687 5794 5796 5818 5922 5940 5998 6032 6070 6074 6141 6164 6166 6226 6233 6345 6376 6410 6508 6510 6521 6534 6583 6618 6694 6713 6714 6752 6753 6764 6875 6879 6911 6926 6958 7046 7096 7098 7137 7236 7263 7322 7334 7354 7397 7398 7437 7497 7515 7652 7668 7688 7761 7790 7863 7980 8081 8082 8145 8169 8178 8189 8194 8218 8280 8303 8382 8407 8519 8527 8575 8590 8592 8611 8612 8628 8642 8653 8655 8699 8700 8709 8755 8761 8784 8796 8846 8914 8924 8930 8962 8975 8986 9008 9021 9049 9054 9163 9188 9210 9239 9312 9367 9433 9552 9554 9586 9592 9625 9627 9630 9653 9666 9676 9697 9698 9776 9807 9815 9843 9847 9912 9939 9945 9950 10019 10046 11094 11132 11157 11289 11307 11350 11355 11380 11394 11402 11420 11435 11451 11497 11515 11516 11539 11558 11564 11569 11577 11578 11587 11604 11625 11631 11632 11633 11637 11650 11657 11670 11671 11676 11677 11687 11715 11725 11735 11742 11743 11769 11777 11778 11788 11796 11812 11821 11834 11844 11845 11856 11857 11858 11880 11881 11882 11888 11892 11893 11898 11902 11903 11904 11915 11928 11937 11950 11962 11967 11974 11979 11980 11981 11982 11992 12000 12016 12022 12023 12029 12033 12036 12044 12052 12053 12060 12061 12064 12065 12071 12086 12097 12103 12126 12127 12128 12145 12146 12173 12177 12178 12185 12202 12203 12209 12222 12230 12243 12248 12249 12250 12257 12258 12262 12270 12279 12289 12296 12307 12311 12312 12317 12318 12327 12328 12336 12337 12338 12342 12345 12346 12356 12375 12396 12397 12398 12423 12424 12434 12439 12459 12463 12487 12495 12502 12510 12511 12521 12525 12532 12552 12573 12584 12599 12607 12617 12629 12653 12662 12663 12671 12675 12694 12700 12701 12740 12747 12756 12762 12778 12792 12821 12831 12937 16825 16827 16836 17461 17551 17562 17571 17726 17753 18253 18261 18263 18265 18266 18267 18270 18271 18276 18278 
	}

	weather = {
		period = {
			between = { 0.0 15.2 }
			temperature = { -11.6 -5.5 }
			no_phenomenon = 0.5
			rain_light = 0
			rain_heavy = 0
			snow = 0.3
			blizzard = 0
			arctic_water = 0
			mud = 0.05
			sandstorm = 0
			min_snow_level = 0
		}
		period = {
			between = { 16.2 15.5 }
			temperature = { 0.8 13.1 }
			no_phenomenon = 0.5
			rain_light = 0.05
			rain_heavy = 0
			snow = 0
			blizzard = 0
			arctic_water = 0
			mud = 0.2
			sandstorm = 0
			min_snow_level = 0
		}
		period = {
			between = { 16.5 15.7 }
			temperature = { 8.8 16.5 }
			no_phenomenon = 0.5
			rain_light = 0.1
			rain_heavy = 0.1
			snow = 0
			blizzard = 0
			arctic_water = 0
			mud = 0.2
			sandstorm = 0
			min_snow_level = 0
		}
		period = {
			between = { 16.7 15.9 }
			temperature = { -4.2 8.8 }
			no_phenomenon = 0.5
			rain_light = 0.1
			rain_heavy = 0.1
			snow = 0.1
			blizzard = 0
			arctic_water = 0
			mud = 0.1
			sandstorm = 0
			min_snow_level = 0
		}
		period = {
			between = { 16.9 31.12 }
			temperature = { -8.2 -4.2 }
			no_phenomenon = 0.5
			rain_light = 0.1
			rain_heavy = 0.1
			snow = 0.15
			blizzard = 0
			arctic_water = 0
			mud = 0
			sandstorm = 0
			min_snow_level = 0
		}
	}
}
