strategic_region = {
	id = 26
	name = "STRATEGICREGION_26"

	provinces = {
		7 80 96 191 249 257 270 335 361 377 418 427 502 512 536 557 577 601 639 646 694 796 824 848 893 906 918 1017 1062 1073 1086 1087 1101 1353 1408 1417 1469 1480 1519 1529 1590 1619 1622 1648 1666 1691 1725 1826 1845 1849 1878 1901 1962 1984 1990 2043 2068 2260 2313 2386 2427 2444 2504 2535 2545 2583 2616 2633 2634 2645 2669 2673 2719 2736 2756 2771 2790 2806 2808 2844 2855 2863 2871 2908 2915 2926 2953 3012 3036 3055 3082 3107 3118 3163 3165 3235 3255 3256 3341 3343 3347 3353 3403 3405 3408 3416 3430 3431 3455 3520 3545 3552 3578 3602 3606 3619 3621 3623 3628 3645 3647 3690 3719 3729 3747 3763 3777 3794 3811 3829 3852 3856 3894 3897 3928 3954 4008 4073 4122 4124 4132 4178 4252 4293 4411 4427 4474 4559 4577 4587 4655 4660 4718 4755 4770 4819 4852 4878 4879 4900 4906 4907 4915 4961 4978 5021 5027 5053 5064 5069 5081 5092 5117 5118 5120 5125 5181 5197 5205 5220 5234 5285 5318 5326 5340 5356 5369 5387 5395 5435 5533 5534 5536 5544 5551 5573 5583 5592 5612 5686 5726 5748 5777 5792 5824 5845 5858 5859 5869 5902 5921 5926 5957 5992 5993 5994 6019 6031 6057 6078 6097 6107 6114 6124 6161 6187 6192 6194 6215 6247 6258 6302 6306 6330 6352 6354 6387 6420 6454 6490 6495 6502 6504 6511 6590 6591 6628 6632 6656 6677 6699 6721 6733 6735 6739 6741 6789 6795 6813 6835 6851 6943 6975 6987 7010 7021 7065 7107 7112 7119 7122 7124 7129 7150 7158 7159 7174 7205 7214 7228 7287 7289 7304 7324 7341 7367 7404 7419 7426 7431 7460 7478 7533 7562 7587 7617 7671 7735 7749 7781 7793 7810 7830 7848 7856 7896 7906 7928 7934 7953 7957 7968 7973 7998 8030 8071 8090 8097 8117 8163 8170 8185 8186 8239 8300 8322 8334 8341 8370 8393 8403 8406 8414 8424 8428 8430 8507 8512 8526 8562 8587 8588 8589 8610 8618 8622 8629 8658 8661 8674 8688 8710 8727 8776 8788 8818 8819 8838 8840 8848 8849 8858 8891 8909 8984 8985 8988 9043 9051 9074 9075 9084 9110 9125 9127 9139 9152 9178 9191 9200 9215 9231 9273 9307 9328 9329 9333 9344 9420 9493 9496 9503 9535 9550 9572 9616 9623 9642 9654 9662 9684 9702 9731 9761 9769 9805 9836 9850 9862 9863 9871 9928 9949 10023 10065 10066 11234 11290 11324 11441 11452 11509 11520 11570 11579 11620 11672 11680 11705 11706 11711 11753 11756 11816 11865 11883 11899 11920 11925 11954 11968 11983 11984 11995 12001 12010 12030 12037 12054 12055 12066 12076 12137 12138 12151 12156 12174 12179 12186 12198 12199 12204 12208 12216 12223 12264 12271 12272 12273 12297 12298 12322 12323 12349 12353 12380 12387 12391 12399 12400 12410 12413 12419 12435 12440 12454 12471 12472 12476 12491 12503 12504 12512 12513 12517 12526 12527 12533 12541 12559 12574 12575 12576 12585 12589 12600 12618 12623 12630 12631 12640 12643 12654 12664 12679 12695 12710 12711 12712 12727 12736 12741 12748 12759 12760 12763 12764 12779 12793 12794 12800 12832 12833 12834 12840 12842 12846 12855 12869 12870 12892 12893 12899 12904 12915 12921 12927 12932 12944 12951 12952 12968 12973 12980 12981 12986 12987 12988 13002 13003 13011 13024 13052 13055 13056 13083 13095 13110 13118 13119 13123 13137 13144 13151 13154 13155 13170 13196 13202 13205 13210 13213 13214 13218 13221 13222 13238 13247 13254 13255 13265 13272 13284 13285 13289 13294 13295 13296 13311 13316 13317 13318 13324 13325 13330 13334 13339 13340 13344 13369 13382 13388 13389 13410 13418 13425 13429 13442 13447 13457 13463 13464 13469 13477 13484 13485 13486 13490 13493 13494 13503 13504 13513 13522 13524 13525 13530 13535 13536 13540 13546 13555 13556 13563 13582 13603 13608 13615 13624 13625 13634 13644 13649 13659 13678 13687 13693 13700 13701 13702 13711 13712 13713 13714 13718 13732 13738 13745 13753 13757 13758 13764 13765 13771 13783 13791 13792 13794 13805 13811 13822 13831 13832 13839 13840 13841 13854 13855 13868 13875 13879 13885 13886 13891 13895 13902 13920 13921 13922 13931 13937 13938 13939 13946 13966 13971 13979 13980 14004 14005 14006 14013 14018 14019 14025 14035 14052 14053 14054 14077 14078 14107 14111 14136 14153 14173 14189 14211 14246 14247 14260 14377 14402 14418 16810 16815 16820 16822 16832 16835 16842 16844 16881 17484 17493 17516 17537 17620 17673 17724 17727 17747 17755 17773 17777 17980 17986 18032 18050 18057 18085 18095 18106 18107 18110 18111 18113 18114 18117 18118 18121 18122 18124 18128 18129 18130 18132 18137 18144 18287 18292 18300 18301 18304 18617 18618 18619 18626 18633 18634 18635 18636 18637 18638 18639 18640 18641 18642 18643 18644 18645 18646 
	}

	weather = {
		period = {
			between = { 0.0 15.2 }
			temperature = { -11.6 -5.5 }
			no_phenomenon = 0.5
			rain_light = 0
			rain_heavy = 0
			snow = 0.3
			blizzard = 0
			arctic_water = 0
			mud = 0.05
			sandstorm = 0
			min_snow_level = 0
		}
		period = {
			between = { 16.2 15.5 }
			temperature = { 0.8 13.1 }
			no_phenomenon = 0.5
			rain_light = 0.05
			rain_heavy = 0
			snow = 0
			blizzard = 0
			arctic_water = 0
			mud = 0.2
			sandstorm = 0
			min_snow_level = 0
		}
		period = {
			between = { 16.5 15.7 }
			temperature = { 8.8 16.5 }
			no_phenomenon = 0.5
			rain_light = 0.1
			rain_heavy = 0.1
			snow = 0
			blizzard = 0
			arctic_water = 0
			mud = 0.2
			sandstorm = 0
			min_snow_level = 0
		}
		period = {
			between = { 16.7 15.9 }
			temperature = { -4.2 8.8 }
			no_phenomenon = 0.5
			rain_light = 0.1
			rain_heavy = 0.1
			snow = 0.1
			blizzard = 0
			arctic_water = 0
			mud = 0.1
			sandstorm = 0
			min_snow_level = 0
		}
		period = {
			between = { 16.9 0.1 }
			temperature = { -8.2 -4.2 }
			no_phenomenon = 0.5
			rain_light = 0.1
			rain_heavy = 0.1
			snow = 0.15
			blizzard = 0
			arctic_water = 0
			mud = 0
			sandstorm = 0
			min_snow_level = 0
		}
	}
}
