strategic_region = {
	id = 27
	name = "STRATEGICREGION_27"

	provinces = {
		4 42 45 47 87 148 187 215 228 247 248 279 308 314 350 411 448 546 555 587 608 615 618 634 692 753 786 817 831 882 969 973 1088 1092 1134 1188 1280 1292 1348 1368 1393 1407 1452 1499 1539 1555 1556 1563 1589 1634 1687 1703 1786 1823 1848 1864 1912 1915 1922 1925 1980 2014 2025 2028 2051 2059 2116 2125 2284 2539 2556 2565 2601 2650 2678 2687 2707 2718 2729 2731 2815 2825 2837 2846 2901 2934 2941 2960 2994 3007 3014 3015 3069 3077 3106 3144 3168 3177 3190 3192 3244 3280 3300 3318 3447 3494 3534 3537 3542 3551 3569 3658 3668 3695 3701 3737 3760 3798 3931 3934 3960 4006 4020 4101 4165 4181 4244 4303 4319 4330 4371 4392 4402 4412 4424 4431 4450 4454 4463 4467 4472 4482 4524 4567 4698 4714 4722 4751 4758 4810 4820 4872 4897 4914 4923 4926 4931 4990 5001 5020 5050 5070 5093 5096 5143 5209 5242 5244 5260 5304 5313 5342 5363 5420 5428 5436 5446 5478 5492 5497 5562 5570 5585 5611 5638 5690 5755 5770 5788 5790 5823 5843 5900 5971 5983 6030 6055 6084 6148 6154 6204 6227 6241 6282 6335 6340 6353 6360 6389 6429 6440 6503 6539 6586 6593 6644 6682 6703 6744 6794 6796 6827 6837 6839 6842 6865 6866 6894 6897 6966 6982 6997 7048 7099 7141 7155 7260 7270 7292 7295 7307 7323 7353 7383 7395 7408 7438 7442 7481 7482 7522 7536 7553 7559 7566 7579 7622 7623 7629 7642 7644 7653 7672 7723 7752 7801 7914 7942 7943 7952 7974 7992 8002 8023 8076 8141 8149 8157 8202 8209 8219 8282 8297 8323 8337 8376 8379 8417 8422 8436 8443 8458 8538 8551 8576 8646 8673 8680 8683 8752 8777 8807 8896 8952 8959 8971 8982 8993 9001 9005 9045 9060 9098 9136 9177 9194 9208 9255 9280 9290 9305 9324 9369 9370 9378 9379 9388 9421 9490 9497 9501 9521 9532 9555 9567 9660 9774 9789 9825 9853 9856 9902 9916 9935 9944 9958 10002 10008 10062 14039 14096 14121 14135 14148 14163 14164 14183 14195 14202 14206 14217 14218 14226 14227 14233 14234 14239 14261 14268 14275 14283 14298 14316 14317 14318 14319 14326 14327 14331 14342 14348 14353 14357 14360 14362 14370 14371 14385 14393 14395 14396 14401 14406 14411 14412 14413 14421 14422 14427 14428 14435 14436 14441 14446 14447 14457 14462 14463 14472 14473 14486 14490 14491 14492 14496 14504 14505 14520 14526 14527 14530 14531 14534 14539 14548 14549 14550 14555 14558 14559 14560 14561 14567 14570 14586 14587 14588 14589 14594 14595 14596 14602 14612 14613 14622 14623 14626 14627 14628 14629 14631 14632 14634 14641 14642 14645 14646 14647 14651 14658 14665 14674 14675 14676 14677 14678 14679 14690 14696 14706 14707 14712 14727 14736 14744 14745 14751 14754 14757 14772 14773 14774 14776 14782 14787 14798 14799 14800 14811 14812 14822 14823 14825 14826 14835 14836 14841 14842 14846 14847 14859 14865 14872 14873 14894 14899 14902 14905 14906 14913 14914 14918 14925 14926 14927 14928 14938 14942 14948 14956 14959 14960 14967 14972 14973 14981 14985 14990 14997 15007 15011 15012 15016 15021 15022 15026 15027 15028 15040 15052 15058 15059 15063 15066 15077 15085 15089 15095 15103 15110 15129 15141 15142 15149 15150 15163 15165 15170 15175 15188 15193 15194 15200 15201 15204 15217 15226 15229 15233 15234 15237 15240 15259 15263 15270 15277 15281 15282 15305 15306 15312 15325 15369 15370 15375 15395 15401 15412 15428 15444 15452 15483 17611 17675 18171 18178 18211 18212 18221 18251 18255 18264 18648 18652 18654 18659 18662 18689 
	}

	weather = {
		period = {
			between = { 0.0 15.2 }
			temperature = { -12.6 -3.6 }
			no_phenomenon = 0.5
			rain_light = 0.1
			rain_heavy = 0
			snow = 0.3
			blizzard = 0
			arctic_water = 0
			mud = 0.05
			sandstorm = 0
			min_snow_level = 0
		}
		period = {
			between = { 16.2 15.5 }
			temperature = { 4.7 16.9 }
			no_phenomenon = 0.5
			rain_light = 0.2
			rain_heavy = 0.05
			snow = 0
			blizzard = 0
			arctic_water = 0
			mud = 0.05
			sandstorm = 0
			min_snow_level = 0
		}
		period = {
			between = { 16.5 15.7 }
			temperature = { 16.2 18.9 }
			no_phenomenon = 0.5
			rain_light = 0.1
			rain_heavy = 0.1
			snow = 0
			blizzard = 0
			arctic_water = 0
			mud = 0.05
			sandstorm = 0
			min_snow_level = 0
		}
		period = {
			between = { 16.7 15.9 }
			temperature = { -5.4 10.4 }
			no_phenomenon = 0.5
			rain_light = 0.1
			rain_heavy = 0.1
			snow = 0.1
			blizzard = 0
			arctic_water = 0
			mud = 0.1
			sandstorm = 0
			min_snow_level = 0
		}
		period = {
			between = { 16.9 31.12 }
			temperature = { -10.7 -5.4 }
			no_phenomenon = 0.5
			rain_light = 0.1
			rain_heavy = 0.1
			snow = 0.4
			blizzard = 0
			arctic_water = 0
			mud = 0
			sandstorm = 0
			min_snow_level = 0
		}
	}
}
