strategic_region = {
	id = 28
	name = "STRATEGICREGION_28"

	provinces = {
		101 269 347 438 689 722 856 911 976 1137 1223 1444 1453 1542 1638 2166 2255 2283 2294 2370 2515 2610 2710 2995 3086 3093 3182 3275 3325 3383 3485 3706 3751 3896 4027 4240 4300 4347 4460 4608 4808 4845 4959 5157 5190 5427 5433 5460 5649 5658 5854 5856 6024 6040 6246 6485 6582 6822 6831 6868 6915 6931 7049 7161 7280 7328 7360 7399 7418 7543 7556 7602 7651 7987 8015 8083 8161 8444 8462 8620 8641 8672 8800 8823 8828 8901 9119 9159 9164 9222 9261 9297 9462 9482 9675 9721 9743 9857 10034 10053 15829 15862 15863 15883 15888 15911 15915 15916 15917 15926 15929 15939 15944 15948 15952 15968 15976 15979 15988 15990 15992 15995 15996 16001 16006 16007 16011 16019 16020 16025 16026 16031 16035 16039 16047 16048 16059 16062 16071 16072 16081 16084 16086 16090 16091 16097 16100 16104 16106 16107 16109 16110 16112 16113 16118 16121 16123 16124 16126 16133 16134 16135 16137 16142 16143 16145 16154 16157 16161 16167 16174 16177 16186 16188 16191 16192 16200 16204 16205 16213 16220 16223 17663 18382 18412 
	}

	weather = {
	}
}
