strategic_region = {
	id = 30
	name = "STRATEGICREGION_30"

	provinces = {
		38 149 201 224 537 648 704 716 717 768 772 785 980 1041 1242 1376 1378 1397 1427 1538 1571 1705 1729 1766 1791 1808 1813 1844 1869 1911 1933 2061 2087 2196 2211 2269 2280 2338 2363 2377 2430 2589 2644 2734 2781 2865 2946 2955 3059 3073 3273 3299 3359 3705 3714 3772 3802 3849 3864 3880 3964 3977 4071 4074 4140 4146 4171 4284 4335 4478 4504 4538 4540 4570 4591 4599 4842 4908 4934 4947 4994 5038 5135 5170 5185 5246 5255 5320 5345 5375 5380 5471 5609 5655 5681 5696 5740 5781 5848 5947 5958 5960 6123 6139 6149 6153 6155 6157 6206 6260 6265 6296 6379 6383 6407 6413 6424 6435 6446 6456 6478 6604 6641 6698 6732 6736 6766 6776 6780 6808 6899 6914 6947 7005 7044 7064 7073 7100 7275 7338 7355 7430 7441 7477 7480 7496 7511 7528 7529 7588 7733 7739 7747 7763 7794 7804 7880 7910 7956 8060 8065 8070 8135 8191 8228 8241 8264 8312 8333 8359 8364 8378 8426 8437 8459 8474 8482 8520 8533 8542 8546 8647 8651 8676 8721 8731 8740 8782 8812 8829 8851 8892 8913 8928 8987 9011 9038 9044 9216 9267 9278 9289 9291 9298 9314 9315 9332 9407 9528 9568 9605 9606 9745 9760 9780 9800 9840 9842 9852 9896 9932 9943 10058 10060 15054 15078 15115 15119 15182 15183 15189 15205 15206 15246 15247 15307 15357 15376 15383 15398 15406 15429 15438 15445 15460 15465 15472 15484 15485 15501 15511 15512 15520 15523 15540 15541 15549 15550 15558 15559 15571 15582 15583 15584 15591 15600 15602 15606 15607 15608 15609 15617 15620 15627 15631 15632 15633 15637 15644 15645 15646 15649 15651 15652 15655 15656 15670 15675 15676 15685 15694 15695 15699 15700 15705 15706 15711 15714 15721 15722 15729 15730 15731 15736 15740 15742 15743 15744 15746 15747 15750 15751 15758 15765 15766 15767 15779 15781 15783 15784 15785 15789 15792 15806 15807 15812 15813 15816 15817 15820 15821 15830 15831 15832 15841 15843 15844 15847 15848 15850 15867 15868 15869 15874 15878 15880 15881 15885 15895 15899 15901 15902 15904 15906 15912 15914 15919 15927 15928 15930 15931 15936 15937 15938 15945 15946 15949 15950 15953 15962 15963 15965 15977 15980 15983 15989 15997 16004 16016 16021 16040 16043 16060 17585 18275 18280 18284 18291 18677 18684 
	}

	weather = {
		period = {
			between = { 0.0 15.2 }
			temperature = { -12.6 -3.6 }
			no_phenomenon = 0.5
			rain_light = 0.1
			rain_heavy = 0
			snow = 0.3
			blizzard = 0
			arctic_water = 0
			mud = 0.05
			sandstorm = 0
			min_snow_level = 0
		}
		period = {
			between = { 16.2 15.5 }
			temperature = { 4.7 16.9 }
			no_phenomenon = 0.5
			rain_light = 0.2
			rain_heavy = 0.05
			snow = 0
			blizzard = 0
			arctic_water = 0
			mud = 0.05
			sandstorm = 0
			min_snow_level = 0
		}
		period = {
			between = { 16.5 15.7 }
			temperature = { 16.2 18.9 }
			no_phenomenon = 0.5
			rain_light = 0.1
			rain_heavy = 0.1
			snow = 0
			blizzard = 0
			arctic_water = 0
			mud = 0.05
			sandstorm = 0
			min_snow_level = 0
		}
		period = {
			between = { 16.7 15.9 }
			temperature = { -5.4 10.4 }
			no_phenomenon = 0.5
			rain_light = 0.1
			rain_heavy = 0.1
			snow = 0.1
			blizzard = 0
			arctic_water = 0
			mud = 0.1
			sandstorm = 0
			min_snow_level = 0
		}
		period = {
			between = { 16.9 31.12 }
			temperature = { -10.7 -5.4 }
			no_phenomenon = 0.5
			rain_light = 0.1
			rain_heavy = 0.1
			snow = 0.4
			blizzard = 0
			arctic_water = 0
			mud = 0
			sandstorm = 0
			min_snow_level = 0
		}
	}
}
