strategic_region = {
	id = 31
	name = "STRATEGICREGION_31"

	provinces = {
		12 23 88 124 143 199 214 242 258 284 315 320 403 446 464 466 518 623 624 649 658 733 777 813 862 888 912 942 947 949 956 967 1015 1057 1083 1107 1110 1118 1230 1303 1329 1379 1404 1441 1497 1525 1526 1557 1583 1593 1661 1663 1692 1708 1734 1743 1744 1748 1750 1781 1790 1794 1811 1842 1860 1863 1890 1894 1907 1918 1966 1988 1992 2007 2063 2119 2135 2193 2209 2219 2268 2290 2314 2320 2352 2360 2369 2401 2405 2422 2428 2528 2569 2689 2694 2727 2745 2752 2753 2762 2763 2809 2841 2862 2886 2890 2906 2954 2959 2961 2966 2969 3001 3018 3028 3029 3071 3104 3112 3136 3155 3199 3225 3237 3252 3253 3254 3271 3295 3324 3377 3401 3402 3418 3456 3466 3481 3500 3518 3549 3557 3597 3610 3613 3654 3697 3699 3739 3812 3816 3824 3877 3905 3913 3921 3967 3980 3992 4028 4034 4077 4100 4121 4123 4160 4169 4173 4206 4243 4246 4266 4282 4286 4382 4418 4421 4432 4462 4494 4495 4515 4525 4544 4552 4563 4576 4603 4645 4656 4658 4681 4701 4711 4731 4750 4790 4792 4794 4823 4843 4871 4913 4918 4985 4999 5004 5032 5034 5045 5054 5122 5128 5129 5158 5161 5176 5214 5267 5279 5286 5302 5310 5312 5335 5348 5386 5396 5440 5705 5707 5721 5739 5742 5764 5775 5805 5836 5853 5863 5871 5877 5878 5897 5909 5911 5915 5929 5932 5936 5989 5995 6021 6027 6072 6076 6077 6079 6088 6095 6125 6134 6172 6185 6210 6229 6231 6279 6283 6317 6321 6322 6328 6338 6346 6351 6373 6378 6409 6421 6455 6475 6488 6494 6505 6514 6515 6565 6567 6578 6579 6599 6612 6626 6633 6640 6692 6709 6710 6746 6815 6817 6832 6871 6877 6918 6999 7011 7013 7029 7091 7120 7147 7176 7183 7203 7235 7249 7290 7318 7332 7358 7368 7411 7414 7453 7501 7504 7510 7589 7613 7633 7650 7659 7660 7669 7764 7797 7868 7895 7907 7908 7948 8033 8039 8088 8126 8131 8154 8192 8201 8251 8259 8291 8299 8311 8319 8336 8362 8365 8380 8412 8419 8431 8478 8492 8494 8501 8522 8523 8554 8558 8638 8640 8664 8677 8687 8704 8708 8767 8779 8814 8827 8835 8863 8898 8953 8957 8960 8991 9017 9068 9111 9130 9175 9205 9212 9227 9245 9264 9279 9295 9319 9390 9415 9450 9455 9457 9483 9524 9541 9571 9578 9597 9598 9633 9649 9668 9685 9700 9704 9714 9726 9751 9814 9829 9864 9899 9913 9917 9927 9955 9956 9964 9972 9974 9976 9998 10012 10044 10072 10092 11348 11409 11419 11434 11460 11476 11484 11501 11513 11525 11542 11547 11548 11552 11553 11562 11586 11590 11614 11617 11618 11624 11640 11641 11644 11649 11655 11656 11666 11667 11668 11679 11685 11704 11721 11722 11741 11752 11759 11767 11768 11772 11786 11787 11794 11803 11825 11826 11833 11850 11851 11855 11863 11864 11872 11873 11874 11875 11879 11887 11890 11909 11913 11914 11932 11933 11934 11935 11936 11943 11949 11961 11964 11965 11990 11999 12009 12021 12026 12027 12031 12041 12043 12050 12051 12063 12069 12070 12074 12075 12082 12099 12100 12102 12108 12109 12114 12119 12124 12131 12154 12155 12159 12165 12167 12201 12207 12215 12221 12229 12235 12236 12241 12247 12256 12269 12278 12282 12287 12288 12303 12304 12305 12306 12326 12344 12352 12354 12355 12364 12365 12366 12379 12385 12386 12389 12390 12412 12418 12430 12431 12438 12443 12444 12453 12458 12462 12468 12469 12485 12486 12489 12490 12501 12520 12524 12530 12531 12540 12546 12548 12549 12556 12557 12558 12563 12564 12565 12566 12578 12596 12597 12598 12605 12606 12616 12628 12634 12639 12651 12652 12659 12660 12661 12678 12684 12698 12699 12703 12709 12717 12723 12734 12735 12745 12746 12753 12757 12768 12769 12770 12776 12777 12791 12798 12799 12806 12807 12845 12850 12851 12859 12866 12867 12868 12889 12890 12891 12897 12901 12902 12903 12913 12914 12919 12924 12925 12926 12935 12936 12943 12949 12950 12956 12957 12964 12965 12966 12969 12974 12994 12995 12997 12998 13008 13018 13019 13020 13023 13030 13031 13035 13041 13050 13051 13064 13068 13079 13080 13081 13089 13090 13101 13104 13105 13108 13109 13117 13121 13122 13128 13133 13134 13135 13141 13142 13143 13149 13150 13159 13165 13177 13178 13185 13186 13200 13212 13217 13224 13228 13229 13233 13234 13242 13245 13246 13250 13251 13267 13280 13281 13287 13302 13328 13348 13363 13364 13374 13384 13386 13387 13394 13423 13445 13446 13500 13512 13573 13676 13684 16843 17530 17691 17782 18028 18029 18033 18036 18049 18065 18613 18620 
	}

	weather = {
		period = {
			between = { 0.0 15.2 }
			temperature = { -21 -6.4 }
			no_phenomenon = 0.5
			rain_light = 0.05
			rain_heavy = 0
			snow = 0.1
			blizzard = 0
			arctic_water = 0
			mud = 0.01
			sandstorm = 0
			min_snow_level = 0
		}
		period = {
			between = { 16.2 15.5 }
			temperature = { 4.9 19.4 }
			no_phenomenon = 0.5
			rain_light = 0.2
			rain_heavy = 0.05
			snow = 0
			blizzard = 0
			arctic_water = 0
			mud = 0.15
			sandstorm = 0
			min_snow_level = 0
		}
		period = {
			between = { 16.5 15.7 }
			temperature = { 19.4 22.2 }
			no_phenomenon = 0.5
			rain_light = 0.15
			rain_heavy = 0.15
			snow = 0
			blizzard = 0
			arctic_water = 0
			mud = 0.1
			sandstorm = 0
			min_snow_level = 0
		}
		period = {
			between = { 16.7 15.9 }
			temperature = { -9.8 13 }
			no_phenomenon = 0.5
			rain_light = 0.15
			rain_heavy = 0
			snow = 0.15
			blizzard = 0
			arctic_water = 0
			mud = 0.15
			sandstorm = 0
			min_snow_level = 0
		}
		period = {
			between = { 16.9 31.12 }
			temperature = { -19.8 -9.8 }
			no_phenomenon = 0.5
			rain_light = 0
			rain_heavy = 0
			snow = 0.4
			blizzard = 0
			arctic_water = 0
			mud = 0
			sandstorm = 0
			min_snow_level = 0
		}
	}
}
