strategic_region = {
	id = 33
	name = "STRATEGICREGION_33"

	provinces = {
		6 81 159 216 276 295 301 322 368 381 383 412 431 541 559 619 632 670 688 693 695 719 723 742 757 791 801 803 816 895 1030 1061 1104 1147 1190 1239 1281 1311 1315 1367 1371 1425 1431 1451 1588 1633 1655 1677 1681 1697 1712 1793 1824 1843 1861 1874 1875 1889 1916 1953 1997 2010 2024 2054 2102 2118 2137 2142 2198 2204 2244 2250 2254 2298 2356 2407 2458 2487 2506 2534 2605 2622 2639 2647 2661 2663 2743 2744 2786 2791 3003 3030 3037 3088 3138 3157 3202 3297 3336 3340 3361 3392 3407 3425 3434 3439 3451 3555 3559 3560 3562 3679 3680 3688 3710 3718 3728 3743 3820 3838 3869 3909 3955 3968 4010 4064 4075 4093 4116 4186 4324 4352 4403 4419 4423 4425 4428 4449 4461 4483 4490 4569 4573 4696 4771 4813 4829 4840 4853 4862 4875 4892 4898 4944 4957 4958 4962 4964 4968 4971 4989 5042 5067 5116 5130 5243 5248 5261 5283 5327 5350 5402 5407 5409 5410 5475 5518 5552 5559 5586 5619 5647 5654 5697 5735 5769 5789 5815 5876 5880 5888 5893 5923 5945 5959 6116 6129 6136 6137 6144 6171 6203 6205 6211 6242 6331 6342 6385 6398 6400 6406 6416 6441 6451 6500 6513 6523 6561 6562 6570 6596 6603 6613 6629 6639 6652 6686 6704 6742 6761 6765 6769 6772 6777 6799 6860 6888 6893 6908 6942 6949 6962 7019 7025 7084 7106 7132 7142 7145 7177 7189 7193 7261 7269 7273 7301 7330 7356 7400 7439 7524 7534 7560 7585 7593 7609 7630 7645 7694 7699 7746 7778 7827 7853 7889 7931 7966 7981 7995 8019 8057 8099 8132 8139 8144 8203 8222 8236 8255 8265 8358 8375 8389 8397 8429 8451 8475 8479 8488 8504 8524 8529 8530 8537 8559 8621 8682 8712 8735 8739 8742 8750 8775 8837 8853 8977 9019 9035 9047 9056 9076 9080 9104 9142 9148 9170 9180 9258 9266 9268 9270 9271 9281 9284 9292 9337 9350 9359 9365 9392 9399 9435 9440 9460 9465 9495 9509 9542 9549 9596 9603 9608 9611 9622 9711 9785 9837 9875 9895 9910 9926 9946 9954 9978 9979 9987 9993 9999 10081 10087 10091 11140 11148 11165 11192 11252 11273 11284 11292 11310 11322 11326 11343 11344 11370 11371 11400 11407 11416 11438 11464 11473 11492 11508 11524 11529 11535 11556 11575 11583 11608 11623 11639 11683 11684 11688 11739 11785 11809 11830 11871 11877 11896 11908 11942 11947 11953 12007 12057 12058 12080 12091 12112 12118 12152 12164 12188 12193 12218 12219 12234 12274 12294 12295 12359 12373 12374 12377 12407 12422 12437 12452 12483 12509 12516 12519 12544 12582 12638 12641 12649 12689 12702 12707 12715 12721 12722 12726 12733 12744 12774 12775 12781 12789 12797 12803 12813 12819 12830 12838 12854 12857 12871 12882 12887 12900 12911 12930 12934 12941 12955 12959 12984 13001 13007 13016 13017 13021 13029 13039 13040 13045 13075 13076 13077 13100 13106 13115 13116 13127 13132 13140 13148 13158 13163 13175 13176 13183 13192 13193 13199 13211 13216 13241 13249 13270 13277 13278 13279 13293 13306 13307 13322 13323 13355 13367 13391 13415 13421 13434 13450 13451 13452 13453 13461 13474 13481 13482 13489 13499 13506 13509 13519 13532 13542 13543 13550 13560 13569 13572 13578 13605 13612 13618 13619 13620 13627 13632 13650 13661 13681 13682 13683 13691 13697 13721 13725 13730 13749 13762 13774 13779 13780 13787 13793 13798 13825 13851 13859 13866 13883 13884 13893 13907 13915 13935 13944 13953 13964 13973 13977 13985 14000 14011 14015 14032 14036 14041 14042 14049 14065 14083 14092 14093 14094 14105 14127 14128 14134 14138 14139 14152 14158 14159 14170 14193 14209 14214 14221 14229 14243 14252 14253 14266 14280 14288 14294 14300 14315 14367 14380 14423 14424 14536 14576 14600 14617 14633 14638 14731 14743 14793 14821 14845 14857 14890 14922 14954 14965 15009 15030 15045 15062 15073 15076 15082 15100 15127 15132 15136 15166 15174 16900 16901 16903 16913 16923 17046 17103 17147 17174 17228 17288 17291 17314 17404 17425 17466 17520 17564 17599 17600 17624 17770 17771 18074 18079 18100 18103 18115 18135 18195 
	}

	weather = {
		period = {
			between = { 0.0 15.2 }
			temperature = { -21 -6.4 }
			no_phenomenon = 0.5
			rain_light = 0.05
			rain_heavy = 0
			snow = 0.1
			blizzard = 0
			arctic_water = 0
			mud = 0.01
			sandstorm = 0
			min_snow_level = 0
		}
		period = {
			between = { 15.5 16.2 }
			temperature = { 4.9 19.4 }
			no_phenomenon = 0.5
			rain_light = 0.2
			rain_heavy = 0.05
			snow = 0
			blizzard = 0
			arctic_water = 0
			mud = 0.15
			sandstorm = 0
			min_snow_level = 0
		}
		period = {
			between = { 16.5 15.7 }
			temperature = { 19.4 22.2 }
			no_phenomenon = 0.5
			rain_light = 0.15
			rain_heavy = 0.15
			snow = 0
			blizzard = 0
			arctic_water = 0
			mud = 0.1
			sandstorm = 0
			min_snow_level = 0
		}
		period = {
			between = { 16.7 15.9 }
			temperature = { -9.8 13 }
			no_phenomenon = 0.5
			rain_light = 0.15
			rain_heavy = 0
			snow = 0.15
			blizzard = 0
			arctic_water = 0
			mud = 0.15
			sandstorm = 0
			min_snow_level = 0
		}
		period = {
			between = { 16.9 31.12 }
			temperature = { -19.8 -9.8 }
			no_phenomenon = 0.5
			rain_light = 0
			rain_heavy = 0
			snow = 0.4
			blizzard = 0
			arctic_water = 0
			mud = 0
			sandstorm = 0
			min_snow_level = 0
		}
	}
}
