1 25 16345 8028 16344 16338 9168 5887 8481 8690 16323 8860 16313 16319 5266 16296 5391 16298 16295 43 3000 5061 16291 6168 16315 5651 1488 
1 6 13342 17638 9599 17623 17810 6953 
1 4 17638 18338 13301 17660 
1 2 13301 17817 
1 6 13208 17657 9224 7926 17823 12963 
1 5 13208 17817 9224 17821 17698 
1 4 13315 13262 17772 17823 
1 5 6953 17877 13262 17772 17823 
1 22 6168 4250 7744 8705 16244 8759 16196 16183 6071 5812 9190 3726 16066 9560 16000 5273 572 5368 5870 15845 15818 7721 
1 7 9955 12201 12256 5004 12070 1894 1863 
1 2 6328 1863 
1 2 6328 1894 
1 2 6328 12070 
1 2 6328 5004 
1 2 6328 12256 
1 2 6328 12201 
1 2 6328 9955 
1 3 12201 1118 12326 
1 2 12256 12326 
1 11 12326 12390 3237 12501 12558 12597 12659 5310 6494 12950 5863 
1 9 3237 12430 466 2268 8708 12365 7613 12304 12241 
1 5 8708 12278 3905 3992 12074 
1 6 5004 9668 2906 12043 12050 12074 
1 2 12070 9668 
1 2 1863 4658 
1 9 9955 4658 8192 12154 6373 12131 4418 12099 9927 
1 5 12131 12069 8431 11887 9295 
1 12 1863 12063 12026 4656 6351 9295 11759 11721 11666 2841 4362 11494 
1 7 11759 11786 11794 3393 6709 6173 9828 
1 4 1894 7895 2290 1230 
1 9 4656 8779 11825 1230 4645 6578 4731 6283 5877 
1 2 5877 11825 
1 2 5877 1230 
1 13 4731 11655 8767 9972 2602 863 11270 11219 1704 11126 844 11055 3478 
1 2 3478 1840 
1 8 3478 2346 11055 11091 7186 11102 11071 1840 
1 2 3478 11091 
1 2 3478 7186 
1 3 3478 4592 11102 
1 2 4592 11071 
1 11 12201 12287 9578 2007 12453 8419 12684 1661 8522 12924 5863 
1 28 1661 4563 2135 8299 2890 6475 7411 13384 13427 17850 17868 13455 6617 9559 13586 13621 13579 1629 17779 13606 7875 17920 8215 1261 6895 13662 6624 13763 
1 7 12201 7029 7318 947 6095 1441 8419 
1 2 8192 7318 
1 8 6095 6999 12364 446 7660 12379 2219 12520 
1 2 6095 12453 
1 31 3040 2315 3601 3096 8566 14043 6687 2907 6053 9317 5765 14334 4605 1678 14476 4762 14644 14693 14749 14780 14840 6740 3147 14946 6810 4786 15117 15152 15265 15315 583 
1 17 3040 13596 13640 13763 8008 7720 13887 13928 5819 2225 14066 17949 6584 14222 825 5379 9620 
1 35 14946 14887 594 14858 22 6437 14781 3660 6445 2968 14862 6520 4855 14979 2073 15038 9533 15083 4219 8401 15250 8793 15378 2144 15386 6195 9192 15316 15410 15404 15469 15524 15535 15556 15594 
1 23 9533 14995 8531 6198 15147 3386 9564 15321 5003 15379 6647 15449 6684 8568 349 4822 5689 15543 15599 72 15674 7636 7721 
1 35 16344 16334 16329 16322 16311 6538 16285 16278 1127 4920 16267 5798 2227 16190 5241 16195 8916 16179 16178 16164 4378 859 9801 4067 16151 988 16171 9499 16185 8659 16215 9600 4780 3342 5266 
1 3 16338 5919 16322 
1 38 9801 3428 9811 16058 9316 16015 3672 15955 6393 15884 15846 9040 3843 15809 6577 15752 7082 3133 6285 6979 7591 5101 15570 15539 1851 15392 9165 15259 9290 7579 4101 15066 9194 15011 8290 709 14924 4429 
1 23 3040 13400 18440 17788 18438 18436 8471 13232 18435 18420 18414 18418 13207 17501 9232 18281 18274 17502 13164 18213 17488 18174 6781 
1 6 17501 18294 17733 5016 17707 17488 
1 23 7371 12923 12960 17738 12858 17636 12790 9898 17572 18225 11554 12577 8349 5461 10889 12484 9236 12362 12276 3158 7784 9759 3944 
1 20 12960 12961 13033 4612 18410 13103 6507 18479 18483 13244 13300 6035 17706 13342 17492 17899 5939 17589 17779 1629 
1 3 17899 17898 17589 
1 7 12790 328 2099 18316 12942 18476 6493 
1 15 13103 18407 6493 18334 12962 12884 6555 12739 12677 4984 12551 4004 8763 12429 12409 
1 7 12551 12450 5105 12343 12325 12254 3158 
1 4 12254 6878 4471 3944 
1 6 4471 4578 7582 8714 11819 9828 
1 33 16719 16621 16646 12275 12189 16658 16702 1553 10739 11998 274 2874 3372 11776 7606 8940 11600 4739 12780 4057 11391 6938 13529 13053 11257 11301 8557 7785 1939 9991 9492 8445 534 
1 14 9577 4956 9282 12135 9759 7725 11919 11878 3372 11776 7606 5066 4903 11713 
1 2 3372 5066 
1 6 8273 10996 8123 2224 12441 9236 
1 31 8273 11027 6259 1078 10889 10861 12583 5079 4135 6304 12815 12884 4691 1982 12767 12708 12677 7769 9798 1228 12442 12417 12362 12314 12253 4805 12196 9577 10395 12107 10739 
1 11 12189 16668 9844 11681 6756 7062 8876 12351 7030 16799 8273 
1 3 8876 16845 12196 
1 13 7979 5832 8786 1815 11301 11257 11209 11159 11187 7531 8602 9973 534 
1 27 11159 12231 12290 3861 1253 11182 54 13195 12567 8603 4748 2933 11047 530 10949 11032 10984 2466 11136 211 11101 1361 6932 11351 7732 354 5442 
1 23 211 7839 5359 9123 10056 10888 11016 9796 59 10930 1690 11487 3363 10788 10991 11053 1008 2888 880 10876 1628 9078 2346 
1 29 13195 9915 11173 1572 7072 7946 12045 7986 7618 11475 11584 9030 11713 9613 9262 11703 3454 8151 9828 2757 11751 11694 11647 11597 11537 9569 11494 1117 11388 
1 11 11388 11331 11277 11230 5521 3799 3066 8262 1270 2257 10984 
1 19 13342 18327 18336 1702 17660 13208 17698 17914 5198 12963 12865 7777 8936 12734 12678 6918 12556 1692 12520 
1 2 17706 18327 
1 5 12520 4576 12438 9274 12409 
1 10 13208 17817 7227 13271 13315 17873 6953 17893 2186 6617 
1 108 3726 306 9013 15973 9797 2167 3079 4373 7267 15879 7417 15804 4799 3150 7050 15687 15662 8268 2501 15548 7927 15575 8014 6643 15458 15421 15351 8627 15258 15192 3436 2936 14993 4429 14884 5770 3737 14736 3551 6389 14627 448 14504 8157 5260 6593 14274 3629 180 4082 14037 13969 6793 7476 13709 3783 13664 1652 13517 13475 2499 13380 13417 10012 8365 13512 5588 8386 8795 13552 9581 7689 13402 9384 4170 13282 13228 13177 13105 13079 13108 13122 13090 13143 13142 1329 13150 2727 3610 13386 6712 8644 13668 13750 13788 13821 13889 13888 2537 14022 479 4683 9277 7233 8032 2789 7123 9620 
1 7 3610 4077 4462 13068 2428 13018 5863 
1 13 7267 8415 1917 5568 779 4047 7244 15935 15925 3488 15905 2503 6393 
1 8 6577 9808 4724 15654 3085 15580 5136 15575 
1 49 448 7943 14696 2556 7568 1332 14892 7557 9065 14989 15010 15039 5828 15074 815 265 6680 15171 7362 15088 617 15049 9396 15025 7703 7271 2462 14863 3689 9106 14662 4940 8689 14556 14525 6272 14479 14455 8229 8078 5970 14547 2088 10010 14739 14816 8197 14935 14995 
1 13 9065 14920 6549 2296 7060 6688 288 5086 14416 7298 14296 4630 4082 
1 18 4082 6128 14162 5412 2402 14200 5002 7913 6757 4401 14285 2471 7288 4981 1048 8883 14592 4940 
1 60 16190 9164 7418 16142 16135 16106 16090 4240 16031 1444 15995 9675 15952 856 15968 16011 2294 269 6582 15983 7804 15927 2061 5380 15830 8060 6149 1766 9780 6456 15867 149 15878 6265 15901 6641 9216 15938 6435 15914 1538 15874 6808 6899 7496 8829 15785 8426 15781 1933 4759 1902 118 1760 2017 9615 2480 9879 5481 15598 
1 80 5481 15702 8668 15678 15673 15641 8465 15588 18465 7754 15542 3797 15495 4866 703 15390 15344 7877 8514 396 15242 2091 15177 5630 15112 4096 2256 4079 7294 4721 8055 14784 14729 1128 14655 8227 7832 14467 14410 5422 14286 581 14271 476 5441 18149 17708 18160 18165 127 18104 18087 18133 1585 2309 6015 10024 14468 9498 14415 2012 9872 8342 14398 3886 5822 14253 14300 5586 14423 8559 9399 7025 14638 2118 1425 9509 15073 15132 15174 
1 129 14253 14193 14134 10081 7778 13964 6116 9056 13851 13866 3003 6513 6331 13627 7400 5923 13453 4829 13307 6416 3157 13148 13077 4116 4569 12830 4892 1451 12733 12789 4461 12871 12934 12984 1681 13132 695 4425 13115 9999 5880 13016 8139 5130 12722 12649 8977 5959 1371 276 12295 12219 12164 1874 1697 11908 8775 7189 9993 9270 11556 11492 9365 11371 11310 11252 5783 11151 3294 11079 5526 11012 6092 4672 7219 9325 4060 10689 8092 2914 10610 1768 7454 5952 2785 10505 10481 4678 10443 3720 5106 6023 10391 10367 3521 10351 5026 10368 9022 10398 8614 10397 2408 6007 8820 10423 7246 3328 10457 8842 10499 8446 9626 10579 10588 4297 1131 9410 4904 1591 7803 10734 9129 10805 4379 5530 10851 6738 10801 
1 22 6366 5516 5595 8718 5560 9456 9618 6675 12804 6516 9889 9087 12985 12992 428 3126 7333 2553 6751 13392 7605 5865 
1 38 18174 18236 18349 9320 12978 17687 7371 18371 12766 9898 2813 12633 4665 3650 11486 8273 814 9610 16609 12361 16625 4481 16618 12393 16606 16719 12334 16640 16587 16600 12360 16579 12321 9186 9004 16572 12268 16582 
1 4 16618 16610 16744 139 
1 3 5016 18229 18236 
1 2 5865 2553 
1 2 12992 9725 
1 25 14410 9206 14269 1920 3575 13983 3441 2942 13724 9472 13575 13505 2311 9135 13269 9650 13157 7402 7523 1125 4541 12880 6545 9767 2205 
1 17 16142 16154 16167 976 9159 7543 8161 3383 16161 8444 16192 16177 2255 16112 16097 6246 269 
1 15 9675 15939 2610 15916 8800 15862 15829 3896 15749 1478 15681 15630 5499 7194 15570 
1 50 15830 15813 15783 772 15721 8676 15649 2734 15550 4284 15428 15375 9555 9567 15277 15226 4751 15110 87 15052 15022 2601 608 15059 15119 6914 9315 5947 4171 6478 15484 15512 15571 4570 15617 1911 7355 8065 2589 15583 6766 15615 15650 15686 15726 15759 7103 717 15789 6899 
1 7 118 8845 1581 15610 15647 15618 9405 
1 28 8845 3933 9890 15576 15529 15487 6358 6365 7089 1076 7847 3583 10084 3627 7527 3172 5154 15214 15176 6303 6722 9952 4486 15381 2894 15473 5229 15583 
1 18 6303 2040 9372 232 1513 6826 14994 14951 9028 817 14826 9497 14873 228 14902 14942 6865 2601 
1 125 448 5020 14490 14427 4820 6796 14239 7292 3621 7953 13891 13868 2806 7289 13678 13625 1417 13447 8185 13284 13222 8840 13056 12980 2953 6733 12893 9684 7781 7150 5395 12440 12391 4879 12322 3690 8761 4632 6926 4836 5187 6376 8755 11857 6410 11856 11778 1954 11671 67 11564 11539 6875 2058 11497 11515 4877 5009 7668 8986 11440 3238 11379 6138 7237 11337 11316 11286 11262 10082 8240 11362 5498 1474 8328 1841 6615 504 2670 11875 11914 8291 11936 11913 8687 2954 11850 11826 11772 1794 8033 3001 6633 11409 6832 6346 9304 11202 7018 764 7766 7846 11008 2800 10954 10926 82 6836 9009 10830 1403 10753 10714 10694 10678 6003 10658 9196 10639 4730 8684 10644 10631 8920 10645 
1 7 12074 4525 11943 9700 1860 3018 11772 
1 7 12241 3980 12119 12051 7147 11964 2954 
1 9 11102 11120 9746 2152 11185 2931 11197 4234 11202 
1 6 11219 11225 6560 11211 11163 9746 
1 2 11225 11271 
1 11 11270 11271 8423 2185 11459 7296 11567 6317 6421 11656 8033 
1 11 10082 11255 6843 11189 4545 7086 3283 6170 10955 9657 6836 
1 36 8687 3877 4266 4823 9829 12100 12124 4918 12207 12215 7200 1139 7038 12396 8145 2932 12423 7761 12356 12327 3038 12230 3846 447 12071 12036 7497 11937 122 9697 7980 9054 8699 11676 11631 11564 
1 10 1704 11162 2409 11090 11061 2158 3969 10988 2253 1628 
1 11 11219 11260 11311 7758 5734 5122 6847 4868 9335 8339 11388 
1 6 5877 6640 1557 6322 11476 5122 
1 6 11759 1966 11640 6746 2209 5122 
1 6 5877 2314 3481 6815 1966 11759 
1 15 7660 5312 12167 9927 3913 12165 3456 664 9933 12183 12153 4589 8579 11989 7582 
1 5 12409 9128 12302 6060 12183 
1 8 12739 1982 8278 12993 13078 3901 18244 13208 
1 6 12551 12621 12658 6939 12670 8936 
1 39 14445 18004 5811 17876 17679 9665 17872 28 17903 17970 8893 17948 14769 17946 18318 18314 14886 17561 9601 18102 17684 18109 17674 15013 18432 15000 17514 5548 18426 14944 17524 18433 18430 18329 6419 8822 17705 17950 14769 
1 3 4605 9822 1678 
1 9 11703 1527 11500 1514 11335 3771 3592 3513 4748 
1 6 7306 507 11341 1930 11375 1117 
1 8 7306 11188 1297 8717 5493 5867 11054 530 
1 2 12365 199 
1 12 8708 199 4123 3557 12639 6514 12776 12851 12902 12969 13041 13079 
1 3 1661 9956 5310 
1 14 8229 14351 14322 14205 9707 3781 13987 9345 13894 9395 13829 2128 5193 13750 
1 11 13987 2544 5482 7257 13653 4553 7828 7336 13338 1526 13090 
1 19 13105 9814 13117 13080 13051 13020 9714 12935 12926 12897 5805 888 12964 2369 242 5279 5739 13387 8365 
1 9 12215 2753 12355 733 4494 12606 12699 8478 888 
1 18 6608 7825 1680 9391 2465 4464 10245 1273 6014 3006 3284 9989 1256 10336 9670 5077 4177 3521 
1 14 15277 4758 15305 9532 4424 15438 1041 8378 3273 1376 15501 15465 15527 7194 
1 29 2601 308 2284 7672 14774 3300 8219 7974 14677 6503 8896 4402 2994 1589 14360 2846 14260 3856 6354 9662 5118 14052 14004 536 9769 13783 2068 6161 13625 
1 18 7579 14997 8141 5001 14823 3192 187 8379 2815 14676 1188 14665 5900 7099 8538 7260 14678 14677 
1 5 97 12132 5844 12147 157 
1 5 12800 6187 12760 12711 12679 
1 13 1519 11705 5120 11865 11968 12037 10066 12174 12216 8090 6387 9200 3811 
1 10 12323 9503 3606 12840 3107 7906 13155 6078 5435 13325 
1 6 8848 4961 13546 9420 13382 13325 
1 2 4879 3811 
1 5 8848 13771 5612 824 13783 
1 5 13771 13839 9836 9307 5118 
1 2 8848 13839 
1 7 8848 13693 3347 13791 13855 13895 5686 
