1 28 
1 43 
1 97 
1 211 
1 448 
1 466 
1 530 
1 534 
1 583 
1 764 
1 888 
1 1008 
1 1329 
1 1572 
1 1585 
1 1629 
1 1661 
1 1690 
1 1794 
1 2088 
1 2158 
1 2205 
1 2315 
1 2601 
1 2813 
1 2954 
1 1553 
1 3478 
1 3610 
1 3660 
1 3726 
1 3811 
1 3944 
1 3996 
1 4082 
1 4429 
1 4748 
1 4820 
1 4940 
1 5016 
1 5442 
1 5863 
1 5865 
1 5877 
1 5947 
1 6092 
1 6168 
1 6303 
1 6328 
1 6393 
1 6493 
1 6514 
1 6608 
1 6687 
1 6757 
1 6899 
1 6953 
1 7267 
1 7306 
1 7579 
1 7582 
1 7618 
1 7660 
1 7703 
1 7721 
1 7828 
1 7946 
1 7979 
1 8008 
1 8229 
1 8273 
1 8299 
1 8342 
1 8365 
1 8705 
1 8708 
1 8936 
1 9065 
1 9232 
1 9236 
1 9405 
1 9601 
1 9620 
1 9675 
1 9759 
1 9822 
1 9828 
1 9927 
1 10645 
1 10801 
1 10984 
1 11055 
1 11159 
1 11219 
1 11262 
1 11301 
1 11341 
1 11388 
1 11391 
1 11564 
1 11597 
1 11600 
1 11713 
1 11759 
1 11776 
1 12074 
1 12131 
1 12154 
1 12215 
1 12241 
1 16582 
1 16640 
1 12365 
1 12391 
1 16744 
1 12409 
1 12423 
1 12520 
1 12551 
1 12678 
1 12739 
1 12884 
1 13051 
1 13105 
1 13164 
1 13208 
1 13282 
1 13342 
1 13400 
1 13475 
1 13625 
1 13750 
1 13987 
1 14022 
1 14253 
1 14410 
1 14416 
1 14445 
1 14475 
1 14886 
1 14944 
1 15038 
1 15152 
1 15174 
1 15258 
1 15277 
1 15344 
1 15469 
1 15570 
1 15575 
1 15583 
1 15598 
1 15649 
1 15830 
1 15916 
1 16142 
1 16192 
1 16278 
1 16344 
1 16345 
1 6781 
