state={
	id=108
	name="STATE_108"
	provinces={
		206 508 578 586 704 762 801 889 1010 1102 1216 1391 1417 1471 1554 1623 1682 1697 2289 2414 2553 2662 2775 2805 2821 2891 3507 3885 3923 4071 4084 4518 4726 4771 4841 4970 5139 5316 5614 6052 6100 6149 6615 6639 6660 6913 7232 7283 7343 7775 7887 8224 8229 8293 8378 8427 9441 9569 9597 9830 9835 10021 10050 10080 10191 10357 10371 10529 11024 11206 11421 11462 11480 11557 11739 11852 12103 12300 12494 12708 13224 13233 13349 13570 14309 14390 14697 14889 14940 15023 15484 15887 25846 25855 25903 25904 25916 25946 25950 25951 25961 25979 26005 26018 26019 26020 26042 26050 26081 26117 26131 26138 26146 26149 26160 26199 26207 26211 26221 26243 26254 26257 26268 26288 26308 26323 26341 26344 26347 26359 26393 26404 26429 
	}
	buildings_max_level_factor=1.000
        manpower=1
        state_category = rural
}
