state={
	id=1100
	name="STATE_1100"
	provinces={
		48 219 317 649 879 1396 1578 1662 1708 1774 1950 2228 2257 2356 2379 2633 2653 2762 2950 3314 3350 3467 3534 3662 3954 3976 4057 4086 4317 4572 4637 4848 5053 5057 5178 5241 5395 5773 5847 6170 6266 6302 6338 6346 6390 6399 6464 6499 6536 6851 6904 6957 7032 7097 7218 7708 7787 7927 8257 8389 8493 8957 9256 9514 9720 10417 10694 10719 10791 10912 11333 11374 11551 11611 11705 11773 11976 12157 12239 12241 12660 12666 12668 12707 12772 12957 13397 14146 14267 14272 14626 14642 14713 15062 25299 25307 25314 25336 25345 25364 25407 25408 25455 25456 25487 25535 25541 25575 25630 25666 25667 25711 25714 25718 25774 25796 25805 25840 25868 25883 25908 25920 25921 25925 25948 25996 26004 26039 26080 26090 26091 26096 26118 26226 
	}
	buildings_max_level_factor=1.000
        manpower=1
        state_category = rural
}
