state={
	id=1131
	name="STATE_1131"
	provinces={
		804 1529 1585 1900 1921 2039 2518 2643 2696 2965 3071 3136 3344 3533 3601 4408 4677 4945 5095 5099 5448 5486 5554 5615 5786 5959 6229 6849 6871 6958 7016 7044 7063 7108 7329 8186 8529 8569 8606 9064 9158 9268 9359 9415 9745 10009 10193 10433 10449 10547 10613 10636 11114 11190 11229 11541 11732 11763 11845 11890 11927 11961 12411 12440 12471 12603 12797 12936 13283 13455 13573 13664 13891 13993 14296 14457 14479 14593 14879 14946 15004 15040 15196 15467 15526 15744 15848 25259 25260 25269 25283 25323 25337 25338 25378 25389 25399 25413 25422 25430 25437 25440 25448 25464 25465 25472 25480 25488 25489 25494 25511 25516 25521 25526 25528 25532 25561 25562 25563 25564 25568 25573 25574 25587 25591 25597 25598 25599 25602 25603 25618 25622 25623 25624 25635 25636 25642 25647 25653 25655 25664 25670 25675 25679 25680 25684 25685 25687 25690 25691 25694 25695 25712 25719 25728 25732 25740 25744 25745 25746 25761 25769 25817 25827 25850 25862 
	}
	buildings_max_level_factor=1.000
        manpower=1
        state_category = rural
}
