state={
	id=1162
	name="STATE_1162"
	provinces={
		326 843 2188 3069 3695 3859 3994 4369 4910 5130 5218 5664 5821 6055 6710 6862 7197 7213 7236 8065 8275 8465 8590 8756 9767 9999 10100 10251 10254 10375 10494 10704 10845 11263 11716 12212 12384 12774 13016 13214 13234 13237 13711 14430 14566 14655 15197 25725 25754 25775 25788 25794 25806 25821 25829 25830 25841 25843 25849 25857 25861 25869 25873 25875 25896 25897 25898 25914 25926 25935 25936 25937 25940 25945 25949 25954 25958 25960 25968 26022 26058 26062 26068 26086 26107 26115 
	}
	buildings_max_level_factor=1.000
        manpower=1
        state_category = rural
}
