state={
	id=1194
	name="STATE_1194"
	provinces={
		91 215 406 447 496 503 607 641 788 988 1009 1159 1167 1262 1669 1849 1932 2007 2211 2254 2495 2741 2944 2967 3301 3579 3961 4085 4148 4292 4389 4815 5005 5019 5115 5172 5281 5332 5442 5766 6143 6696 6746 7147 7152 7686 8442 8451 8536 8584 8671 8920 9214 9890 9900 10246 10607 11381 11433 11791 12081 12220 12890 12951 13208 13967 14617 15357 15621 15829 26092 26108 26142 26215 26239 26248 26283 26295 26309 26375 26385 26414 26427 26431 26453 26454 
	}
	buildings_max_level_factor=1.000
        manpower=1
        state_category = rural
}
