state={
	id=1207
	name="STATE_1207"
	provinces={
		93 182 210 225 342 359 527 743 752 878 1019 1074 1112 1451 1542 1557 1796 2104 2267 2323 2620 2641 2668 2914 2987 3882 4075 4327 4345 4565 4837 4946 5166 5225 5691 5718 5777 5811 5963 6128 6500 6501 6552 6576 6776 6869 6889 7412 7674 7719 8053 8120 8152 8248 8432 8929 9163 9204 9249 9374 9838 10045 10119 10741 11456 12003 12087 12438 12987 13127 13342 13889 14002 14656 14868 15367 15624 25980 26012 26031 26059 26075 26105 26132 26155 26161 26163 26173 26192 26202 26216 26251 26264 26276 26291 26319 26320 26349 26350 26351 26352 26360 26366 26383 26394 26411 26420 26422 26428 26440 26448 26450 26451 
	}
	buildings_max_level_factor=1.000
        manpower=1
        state_category = rural
}
