state={
	id=1209
	name="STATE_1209"
	provinces={
		213 227 600 781 817 1001 1150 1183 1223 1346 1770 1810 1857 1937 2154 2406 2850 3282 3342 3472 3955 4114 4145 4254 5293 5596 5630 5684 5736 6025 6520 6598 6963 7000 7155 7220 7594 7598 8015 8060 8256 8324 8403 8454 8464 8918 9002 9193 9403 10734 10764 10903 11330 11424 11576 12072 12089 12973 13129 13551 13653 14240 14372 14416 14666 14778 14957 15039 15238 15310 15344 15377 15636 15909 25967 26000 26009 26126 26136 26169 26183 26227 26267 26281 26317 26326 26357 26365 26378 26392 26401 26408 26413 26415 26416 26433 26434 26445 
	}
	buildings_max_level_factor=1.000
        manpower=1
        state_category = rural
}
