state = {
	id = 134
	name = "STATE_134"
	manpower = 10000

	state_category = large_town

	provinces = {
		15 37 46 62 91 99 120 202 203 260 370 432 445 452 468 579 592 598 644 661 667 773 787 811 845 909 972 979 993 1014 1028 1052 1067 1165 1169 1193 1199 1203 1244 1247 1269 1342 1458 1466 1508 1509 1536 1688 1699 1721 1764 1821 1834 1852 1867 1964 2035 2156 2172 2238 2243 2282 2301 2312 2343 2365 2416 2429 2486 2654 2662 2666 2735 2769 2864 2875 2904 2963 2973 2996 3004 3011 3068 3162 3395 3512 3536 3571 3661 3715 3722 3769 3815 4014 4016 4063 4141 4272 4414 4507 4555 4615 4702 4848 4863 4938 5068 5212 5259 5454 5657 5849 5898 5977 6016 6299 6325 6401 6773 6792 6961 6965 7014 7499 7612 7887 7920 8130 8343 8821 9117 9624 9804 9957 15554 15555 15604 15798 15856 15947 15958 15964 15981 16002 16014 16022 16023 16027 16041 16049 16069 16082 16087 16101 16114 16149 16241 16260 16279 16284 16290 16294 16328 
	}

}
