state = {
	id = 138
	name = "STATE_138"
	manpower = 555637

	state_category = large_town

	provinces = {
		229 271 855 859 988 1207 1322 1334 1505 1886 2355 2503 2779 2799 2820 2826 2849 3266 3276 3293 3428 3488 3672 3922 3962 4038 4067 4139 4241 4378 4434 4459 4602 4883 4993 5063 5133 5236 5330 5366 5537 5763 5908 5963 5987 6201 6301 6326 6349 6393 6412 6533 6673 6921 7058 7229 7315 7345 7485 7548 7929 7935 8268 8598 8670 8760 8792 8875 8911 8983 9316 9412 9417 9431 9499 9632 9634 9716 9768 9770 9801 9811 9921 10022 15662 15687 15719 15724 15748 15769 15776 15782 15805 15808 15811 15823 15826 15835 15838 15839 15846 15854 15861 15871 15872 15884 15887 15891 15892 15894 15897 15898 15905 15909 15910 15922 15925 15935 15941 15942 15943 15955 15957 15959 15961 15970 15972 15987 16009 16010 16015 16018 16030 16033 16034 16037 16042 16050 16054 16058 16065 16067 16068 16070 16074 16077 16080 16089 16092 16099 16102 16117 16120 16122 16128 16130 16138 16146 16147 16148 16151 16158 16164 16171 16178 16179 
	}

	resources = {
		steel = 120
		rubber = 75
	}

	history = {
		owner = KAR
		
		victory_points = { 2503 15 }
		victory_points = { 6393 50 }
		victory_points = { 8983 15 }
		victory_points = { 9801 15 }
		victory_points = { 15846 15 }
		
		buildings = {
			infrastructure = 2
			industrial_complex = 5
		}
		
		add_core_of = KAR
	}

}
