state = {
	id = 139
	name = "STATE_139"
	manpower = 10000

	state_category = large_town

	provinces = {
		41 56 64 79 89 100 106 110 136 165 166 168 207 275 289 296 310 319 326 334 478 545 569 570 580 582 599 605 613 620 802 832 853 876 921 925 953 987 1016 1019 1122 1145 1171 1174 1200 1268 1279 1307 1316 1391 1396 1399 1405 1485 1518 1546 1547 1570 1586 1594 1759 1775 1796 1850 1865 2045 2180 2181 2267 2398 2431 2434 2439 2440 2475 2554 2561 2646 2803 2822 2829 2866 2870 3042 3047 3052 3070 3072 3114 3160 3179 3242 3311 3568 3738 3914 3956 3995 4065 4089 4129 4313 4331 4369 4416 4491 4598 4621 4687 4735 4752 4788 4825 4884 5083 5087 5090 5094 5253 5331 5393 5505 5584 5603 5633 5653 5864 5906 5974 6022 6028 6054 6080 6140 6417 6695 6801 7256 7274 7455 7706 7716 8172 8256 8980 9302 9590 9729 9744 9846 15324 15667 15814 15886 15998 16057 16127 16139 16166 16193 16240 16304 16324 16333 16335 16369 16379 16390 16396 16399 16407 16408 16419 16427 16435 16438 16442 16443 16453 16456 16465 16472 16511 16974 16975 
	}

}
