state = {
	id = 145
	name = "STATE_145"
	manpower = 10000

	state_category = large_town

	provinces = {
		92 98 218 241 338 342 402 437 442 451 456 488 525 542 584 597 610 630 653 699 731 790 793 795 821 827 861 879 907 908 930 950 1009 1058 1081 1082 1099 1120 1180 1195 1240 1278 1349 1387 1415 1492 1551 1717 1739 1816 1887 1931 1935 2009 2066 2084 2157 2278 2368 2438 2484 2604 2636 2695 2696 2750 2777 2793 2802 2821 2885 2944 3080 3121 3127 3129 3153 3159 3184 3207 3250 3258 3306 3346 3462 3538 3596 3630 3924 4032 4279 4367 4381 4409 4487 4588 4601 4765 5221 5265 5347 5577 5682 5727 5743 5793 5857 6251 6690 6727 6786 6890 7023 7300 7627 7811 7845 7904 7969 8001 8013 8182 8200 8231 8372 8532 8649 8768 9221 9309 9429 9819 9886 15346 15703 15851 15921 16094 16181 16189 16206 16242 16264 16282 16289 16293 16306 16308 16318 16331 16336 16337 16366 16373 16374 16380 16386 16400 16401 16416 16421 16423 16426 16432 16437 16441 16450 16461 16480 16988 16995 16999 
	}

}
