state={
	id=154
	name="STATE_154"
	provinces={
		62 295 399 802 854 1660 1955 2237 2450 2824 2942 3264 3490 3854 4220 4546 5141 5224 5648 6039 6563 6796 7098 7446 7515 7551 7595 8501 8605 8627 9422 9551 9794 10290 10652 10761 11018 11128 11619 11655 12324 12874 13310 14179 14185 14610 15823 15901 15984 15988 16003 16004 16005 16018 16025 16027 16034 16044 16045 16051 16070 16077 16085 16086 16091 16100 16101 16104 
	}
	buildings_max_level_factor=1.000
        manpower=1
        state_category = rural
}
