state = {
	id = 162
	name = "STATE_162"
	manpower = 724164

	state_category = large_town

	provinces = {
		504 650 1070 1175 1258 1474 1475 1498 1841 1903 2580 2606 2635 2670 3167 3262 3290 3644 3786 3923 4078 4128 4149 4452 4531 4545 5059 5488 5498 5894 6611 6615 6843 6852 7057 7068 7086 7369 7382 7692 7922 8101 8104 8240 8310 8328 8330 8404 9116 9161 9176 9259 9467 9710 9866 9892 10037 10082 11074 11100 11127 11169 11189 11196 11212 11227 11255 11274 11303 11336 11354 11362 11376 11401 11461 11477 11514 11526 11550 11602 11609 11635 11669 11686 11698 11724 11734 11868 11891 11944 11966 11991 12028 12085 12092 16795 16796 16819 17735 18022 18023 18611 
	}

	history = {
		owner = ARH
		
		victory_points = { 10082 15 }
		victory_points = { 12085 15 }
		
		buildings = {
			infrastructure = 1
			industrial_complex = 1
		}
		
		add_core_of = ARH
	}

}
