state = {
	id = 176
	name = "STATE_176"
	manpower = 328219

	state_category = town

	provinces = {
		133 1002 1275 1298 1401 1459 1481 1675 2075 2150 2188 2229 2543 2548 2593 2611 2948 3034 3105 3240 3506 3510 3707 3746 3752 4058 4184 4276 4910 4921 5139 5145 5159 5226 5290 5481 5561 5684 5814 5831 6208 6442 6661 6685 6870 7001 7080 7092 7222 7265 7327 7346 7494 7603 7655 7722 7864 7933 8086 8113 8224 8250 8258 8369 8421 8511 8550 8832 8862 8972 9083 9187 9242 9537 9583 9722 9747 9757 9894 10086 10088 10100 14480 14506 14516 14535 14542 14543 14599 14624 14643 14668 14685 14692 14703 14704 14709 14710 14728 14748 14761 14762 14779 14806 14815 14817 14848 14867 14868 14930 14963 14964 14969 14977 14983 14988 15017 15036 15043 15060 15080 15081 15091 15099 15134 15135 15145 15146 15155 15196 15202 15210 15241 15264 15276 15293 15298 15301 15304 15314 15319 15359 15407 15408 15409 15418 15425 15432 15461 15462 15475 15478 15494 15503 15517 15563 15577 15598 15622 15628 
	}

	resources = {
		steel = 38
		tungsten = 8
	}

	history = {
		owner = BUR
		
		victory_points = { 15598 50 }
		
		buildings = {
			infrastructure = 3
			industrial_complex = 1
		}
		
		add_core_of = BUR
	}

}
