state={
	id=178
	name="STATE_178"
	provinces={
		448 1026 1242 1375 1878 1907 1929 2156 2179 2264 2297 2560 2592 2648 2706 3305 3338 3673 3703 4019 4266 4315 4925 4936 5123 5255 5410 5591 6087 6165 6554 6848 7502 8678 8853 10244 10263 10849 10981 11203 11306 11317 11347 11722 12059 12162 12473 13292 13569 14257 14328 14406 15133 15683 15753 16129 16139 16153 16164 16177 16187 16191 16192 16194 16211 16225 16244 16248 16251 16260 16264 16267 16274 16278 16300 16305 16329 16368 
	}
	buildings_max_level_factor=1.000
        manpower=1
        state_category = rural
}
