state = {
	id = 179
	name = "STATE_179"
	manpower = 149317

	state_category = large_town

	provinces = {
		70 109 208 243 486 604 645 836 854 985 1027 1046 1084 1121 1339 1375 1418 1419 1450 1595 1609 1660 1768 1967 1996 2037 2159 2236 2263 2276 2323 2331 2345 2375 2396 2597 2657 2683 2776 2785 2854 2914 2919 2947 2987 3122 3132 3294 3354 3482 3588 3632 3657 3720 3762 3839 3857 3878 3885 3937 4291 4356 4447 4647 4649 4653 4678 4697 4821 4949 5134 5301 5417 5418 5421 5526 5590 5620 5660 5674 5703 5745 5758 5783 5882 5885 5944 5952 5961 5988 6052 6092 6117 6127 6160 6191 6370 6381 6436 6501 6605 6627 6631 6659 6689 6724 6790 6859 6885 6887 6892 6904 6924 6925 6928 6940 6956 6989 6998 7042 7076 7090 7130 7262 7454 7539 7547 7656 7715 7729 7788 7796 7817 7901 7988 7989 7993 8092 8096 8102 8168 8442 8447 8454 8571 8591 8623 8648 8660 8669 8808 8826 8839 8843 9069 9086 9115 9182 9207 9213 9230 9253 9327 9374 9385 9548 9648 9655 9672 9677 9691 9734 9786 9874 9885 9962 10000 10014 10405 10410 10412 10416 10422 10426 10437 10443 10445 10446 10449 10453 10454 10455 10456 10459 10461 10466 10467 10468 10469 10472 10474 10475 10476 10479 10480 10481 10491 10493 10497 10504 10505 10514 10516 10518 10520 10529 10534 10539 10545 10550 10551 10552 10555 10570 10572 10573 10577 10578 10590 10592 10593 10605 10610 10617 10626 10629 10630 10637 10643 10649 10652 10655 10661 10664 10672 10673 10675 10680 10682 10685 10689 10692 10693 10696 10702 10711 10712 10718 10719 10727 10733 10748 10769 10782 10790 10795 10798 10800 10804 10821 10822 10828 10842 10850 10860 10863 10875 10878 10879 10894 10895 10905 10908 10913 10914 10931 10937 10945 10948 10959 10964 10972 10975 10983 10987 10993 10994 10995 11000 11012 11030 11034 11044 11060 11064 11065 11068 11079 11109 11118 11128 11150 11151 11172 11218 11267 16800 
	}

	history = {
		owner = MGD
		
		victory_points = { 1375 15 }
		victory_points = { 1595 5 }
		victory_points = { 6092 50 }
		victory_points = { 10964 5 }
		
		buildings = {
			infrastructure = 1
			industrial_complex = 2
		}
		
		add_core_of = MGD
	}

}
