state = {
	id = 180
	name = "STATE_180"
	manpower = 407170

	state_category = large_town

	provinces = {
		87 228 308 608 615 618 634 817 1368 1925 1980 2059 2284 2601 2678 2825 2934 3007 3014 3015 3077 3190 3300 3542 3569 3658 3668 3798 3934 4020 4165 4181 4244 4431 4450 4990 5143 5242 5428 5446 5611 5690 5790 6055 6282 6839 6865 6866 6894 7048 7141 7307 7323 7395 7522 7642 7672 7952 8002 8023 8422 8436 8680 8683 8752 8952 8982 9324 9369 9497 9501 9774 9789 9853 9856 9916 10002 14218 14261 14268 14275 14319 14326 14327 14331 14357 14371 14396 14406 14436 14441 14463 14486 14492 14496 14520 14534 14550 14561 14588 14589 14596 14645 14646 14647 14679 14690 14706 14707 14712 14727 14757 14774 14787 14812 14825 14826 14846 14847 14873 14902 14906 14914 14927 14928 14942 14956 14960 14967 14973 15007 15016 15021 15022 15052 15059 15085 15103 15110 
	}

	resources = {
		oil = 22
	}

	history = {
		owner = TOM
		
		victory_points = { 308 15 }
		victory_points = { 2601 50 }
		victory_points = { 8422 15 }
		victory_points = { 14942 15 }
		
		buildings = {
			infrastructure = 1
			industrial_complex = 2
		}
		
		add_core_of = TOM
	}

}
