state = {
	id = 195
	name = "STATE_195"
	manpower = 532393

	state_category = large_town

	provinces = {
		105 129 307 395 396 473 514 547 556 603 659 703 941 986 1020 1050 1128 1870 2091 2177 2256 2456 2519 2651 2754 2843 3044 3050 3084 3111 3183 3215 3440 3616 3776 3797 3879 3910 3957 4079 4096 4721 4757 4795 4807 4866 4901 5132 5188 5270 5289 5322 5483 5489 5519 5622 5630 5837 6083 6264 6467 6483 6531 6616 6849 6920 6985 7294 7396 7500 7596 7713 7737 7754 7831 7832 7877 7881 7955 7959 7976 8003 8055 8068 8165 8227 8381 8465 8514 8555 8639 8726 9103 9153 9157 9276 9311 9348 9377 9469 9480 9540 9777 9793 9873 9931 10093 12615 14279 14344 14431 14439 14444 14481 14544 14606 14616 14655 14725 14729 14742 14755 14763 14784 14803 14818 14839 14849 14856 14861 14880 14903 14919 14941 14970 14978 14999 15003 15018 15033 15044 15048 15061 15072 15092 15112 15113 15131 15156 15168 15177 15197 15207 15216 15221 15230 15238 15242 15256 15289 15302 15320 15333 15334 15343 15344 15345 15371 15389 15390 15403 15414 15446 15454 15479 15495 15498 15504 15506 15542 15547 15564 15572 15585 15588 15592 15593 15603 15629 15635 15641 15658 15659 15673 15682 15707 15712 15733 15738 15760 17478 17494 17497 17506 17525 17536 17544 17553 17566 17569 17573 17590 17601 17612 17635 17644 17667 17677 17737 17757 17765 17803 17805 17809 17818 17822 17960 17964 17966 17972 17973 17978 17982 17988 17990 17996 17997 17998 18042 18044 18045 18047 18053 18056 18062 18246 18269 18272 18277 18279 18285 18295 18296 18302 18305 18306 18447 18449 18450 18451 18452 18454 18455 18456 18457 18458 18459 18460 18461 18463 18464 18465 18466 18467 18468 18493 18495 18496 18497 18501 18502 18503 18505 18506 18507 18508 18509 18511 18512 18515 18516 18519 18522 18560 18673 
	}

	resources = {
		steel = 116
		tungsten = 68
	}

	history = {
		owner = ZBK
		
		victory_points = { 2091 15 }
		victory_points = { 3183 15 }
		victory_points = { 8555 15 }
		victory_points = { 15344 50 }
		
		buildings = {
			infrastructure = 2
			industrial_complex = 2
		}
		
		add_core_of = ZBK
	}

}
