state = {
	id = 197
	name = "STATE_197"
	manpower = 365566

	state_category = town

	provinces = {
		93 134 227 337 574 677 776 1283 1373 1585 1835 2165 2309 2478 2600 2823 3067 3103 3819 3959 4153 4167 4261 4278 4415 4480 4606 4704 4726 4727 5099 5108 5112 5140 5142 5238 5354 5468 5719 6015 6428 6568 6697 6719 6723 6745 6881 7052 7134 7188 7264 7512 7616 7708 7719 7745 7757 7765 7802 7921 7923 8173 8247 8368 8405 8477 8868 9151 9323 9414 9500 9965 10024 13354 13361 13398 13399 13473 13516 13549 13559 13604 13631 13647 13689 13690 13704 13705 13720 13736 13742 13768 13773 13778 13803 13808 13814 13819 13850 13858 13882 13897 13914 13926 13927 13943 13968 14031 14048 14068 14075 14118 14155 14175 14181 14224 14287 16916 17500 17515 17574 17576 17603 17621 17648 17704 18087 18088 18089 18091 18092 18094 18097 18099 18101 18104 18133 18182 18185 18186 
	}

	resources = {
		tungsten = 38
	}

	history = {
		owner = AMR
		
		victory_points = { 1585 50 }
		victory_points = { 5719 15 }
		
		buildings = {
			infrastructure = 3
			industrial_complex = 1
		}
		
		add_core_of = AMR
	}

}
