state = {
	id = 198
	name = "STATE_198"
	manpower = 10000

	state_category = large_town

	provinces = {
		1 21 33 39 50 63 65 71 94 107 108 112 113 121 123 145 146 150 155 158 160 162 164 185 186 190 210 212 225 235 239 240 246 253 259 263 264 266 267 278 280 283 285 297 303 323 341 346 355 366 367 369 375 384 398 409 421 425 426 436 439 455 457 460 469 474 490 498 508 509 526 532 538 539 549 554 565 588 593 612 616 626 657 668 674 679 683 684 686 725 741 745 751 758 759 763 788 797 800 822 826 838 851 860 867 869 873 877 887 891 894 896 897 902 903 910 914 915 917 920 923 934 938 952 954 968 983 994 1005 1007 1045 1047 1056 1060 1063 1065 1066 1080 1095 1106 1111 1113 1116 1140 1155 1157 1163 1164 1182 1185 1189 1191 1192 1205 1214 1219 1262 1266 1267 1296 1302 1305 1312 1320 1325 1327 1335 1357 1358 1362 1369 1372 1390 1400 1402 1430 1438 1445 1446 1454 1457 1473 1487 1506 1515 1545 1565 1568 1578 1597 1604 1607 1612 1630 1632 1635 1637 1641 1645 1664 1668 1676 1718 1742 1749 1751 1754 1765 1769 1778 1806 1809 1812 1820 1831 1838 1872 1885 1892 1896 1910 1921 1948 1956 1957 1960 1961 1998 2000 2006 2022 2026 2032 2041 2047 2055 2062 2090 2093 2104 2121 2122 2127 2132 2179 2189 2199 2202 2206 2233 2248 2258 2264 2285 2287 2295 2297 2299 2316 2324 2336 2354 2371 2379 2389 2400 2413 2421 2472 2482 2491 2494 2496 2497 2509 2516 2521 2522 2527 2555 2562 2567 2568 2578 2591 2595 2619 2623 2632 2652 2653 2675 2679 2688 2698 2700 2720 2725 2726 2741 2758 2760 2805 2810 2814 2824 2851 2853 2859 2860 2867 2872 2882 2903 2913 2922 2940 2967 2991 3017 3019 3031 3045 3081 3089 3091 3101 3119 3124 3152 3180 3205 3220 3227 3232 3259 3286 3292 3337 3355 3376 3379 3397 3432 3452 3473 3475 3479 3480 3490 3495 3509 3547 3581 3595 3598 3612 3634 3642 3673 3684 3686 3694 3709 3723 3755 3782 3793 3803 3810 3821 3828 3837 3853 3891 3893 3904 3911 3939 3946 3966 3975 3981 3989 3997 3999 4005 4011 4039 4041 4049 4080 4081 4097 4102 4106 4117 4148 4150 4151 4162 4175 4194 4215 4218 4242 4288 4292 4304 4315 4318 4341 4349 4365 4387 4388 4426 4439 4498 4520 4528 4546 4547 4580 4597 4625 4644 4646 4669 4671 4692 4703 4742 4764 4777 4812 4880 4885 4905 4930 4941 4948 4965 4970 4974 5014 5036 5049 5052 5060 5097 5126 5165 5178 5204 5227 5280 5321 5334 5361 5371 5381 5406 5425 5445 5450 5464 5473 5512 5579 5614 5639 5644 5652 5662 5669 5704 5760 5773 5778 5779 5830 5838 5905 5916 5930 5941 6020 6037 6038 6081 6091 6096 6102 6126 6162 6216 6232 6238 6292 6309 6324 6339 6369 6371 6377 6391 6414 6463 6526 6529 6535 6540 6554 6636 6674 6679 6683 6774 6787 6872 6873 6896 6909 6936 6944 7078 7121 7209 7239 7254 7259 7337 7350 7351 7365 7381 7403 7409 7509 7521 7554 7573 7580 7600 7639 7647 7705 7712 7728 7743 7748 7820 7865 7925 7941 7945 7949 8005 8125 8210 8246 8252 8285 8289 8305 8306 8340 8352 8353 8384 8439 8452 8455 8499 8503 8583 8619 8662 8671 8694 8737 8744 8746 8754 8942 8951 8969 8994 9006 9014 9042 9057 9071 9079 9081 9093 9160 9181 9185 9238 9353 9361 9436 9479 9511 9515 9612 9619 9641 9723 9775 9816 9826 9920 9970 10007 10038 10070 10076 14440 14470 14475 14686 14730 14819 14820 14844 14881 15004 15105 15211 15231 15285 15463 15499 15716 15793 15859 15870 15951 16085 16111 16131 16201 16235 16258 16275 16312 16314 16343 16346 16347 16354 16356 16365 16368 16370 16372 16375 16376 16378 16381 16382 16384 16385 16389 16392 16393 16394 16395 16398 16402 16403 16404 16406 16409 16410 16411 16412 16414 16415 16417 16420 16424 16425 16429 16430 16433 16436 16439 16440 16444 16446 16448 16449 16452 16454 16455 16457 16458 16459 16460 16462 16463 16466 16467 16471 16473 16474 16475 16476 16479 16482 16483 16485 16486 16487 16488 16490 16491 16492 16494 16495 16496 16497 16498 16502 16503 16504 16505 16506 16507 16509 16512 16514 16515 16516 16518 16519 16521 16522 16523 16524 16945 16967 16982 16983 16984 16986 16989 16991 16993 16994 16996 16997 
	}

}
