state = {
	id = 20
	name = "STATE_20"
	manpower = 1455592

	state_category = large_town

	provinces = {
		18 233 330 449 480 481 576 578 748 812 889 1076 1096 1102 1132 1354 1359 1386 1443 1464 1567 1577 1581 1601 1650 1908 2005 2231 2344 2414 2667 2709 2715 2817 2856 2972 3208 3371 3457 3583 3586 3627 3635 3678 3725 3734 3773 3831 3855 3932 3933 3961 4021 4068 4103 4112 4176 4314 4393 4394 4433 4456 4466 4469 4473 4756 4975 5230 5235 5268 5271 5384 5485 5527 5591 5607 5643 5699 5761 5780 5855 5962 5969 6001 6048 6122 6244 6261 6291 6295 6297 6298 6323 6344 6358 6365 6443 6480 6509 6547 6557 6602 6630 6668 6671 6905 6950 6988 7075 7089 7101 7196 7240 7252 7312 7321 7484 7517 7661 7674 7690 7711 7730 7755 7768 7799 7821 7835 7847 7936 8010 8037 8066 8174 8211 8234 8269 8302 8456 8500 8509 8510 8569 8584 8652 8686 8783 8845 8870 8992 9007 9027 9067 9094 9322 9330 9340 9349 9387 9405 9505 9556 9647 9652 9674 9693 9719 9730 9783 9784 9787 9890 9911 9940 10017 10042 10049 10084 14386 14450 14493 14501 14604 14605 14607 14608 14609 14636 14637 14653 14654 14660 14667 14684 14697 14713 14719 14737 14741 14758 14759 14768 14777 14783 14790 14801 14805 14814 14824 14828 14829 14838 14853 14855 14860 14875 14876 14885 14895 14900 14908 14909 14910 14915 14940 14943 14949 14953 14962 14968 14976 14987 15002 15008 15029 15032 15035 15042 15055 15056 15071 15079 15090 15104 15111 15122 15123 15126 15130 15143 15159 15161 15167 15173 15184 15190 15195 15215 15220 15222 15223 15224 15248 15253 15254 15255 15269 15275 15283 15284 15288 15292 15297 15309 15313 15318 15326 15329 15338 15348 15349 15352 15358 15360 15377 15387 15388 15393 15402 15413 15424 15430 15431 15434 15439 15453 15466 15474 15487 15493 15502 15521 15522 15529 15534 15551 15552 15561 15574 15576 15610 15618 15634 15647 15671 15677 15732 17565 17608 17639 17640 17713 17740 17766 18172 18175 18179 18192 18193 18194 18196 18198 18199 18200 18204 18208 18214 18259 
	}

	resources = {
		rubber = 16
		oil = 16
	}

	history = {
		owner = IRK
		
		victory_points = { 6295 15 }
		victory_points = { 9405 50 }
		victory_points = { 14636 15 }
		victory_points = { 14976 15 }
		victory_points = { 15387 15 }
		victory_points = { 15574 15 }
		
		buildings = {
			infrastructure = 1
			industrial_complex = 2
		}
		
		add_core_of = IRK
	}

}
