state = {
	id = 213
	name = "STATE_213"
	manpower = 1554880

	state_category = large_town

	provinces = {
		159 559 619 670 693 695 723 757 791 803 1104 1239 1281 1311 1367 1677 1681 1824 1875 1889 1916 2010 2024 2054 2204 2244 2298 2458 2487 2639 2647 2743 2744 2786 2791 3003 3030 3037 3138 3157 3202 3336 3392 3559 3679 3680 3688 3710 3718 3728 3838 3869 4010 4075 4186 4324 4423 4425 4428 4449 4461 4490 4696 4813 4829 4862 4957 4964 4968 5042 5243 5283 5327 5350 5402 5518 5654 5697 5735 5923 6116 6211 6331 6400 6416 6513 6596 6603 6639 6652 6686 6777 7019 7106 7132 7145 7193 7261 7400 7439 7560 7593 7609 7645 7694 7699 7746 7778 7827 7853 7981 8099 8132 8144 8255 8265 8358 8375 8397 8504 8529 8530 8621 8735 8739 8837 9056 9104 9142 9266 9268 9359 9392 9460 9465 9542 9603 9608 9711 9785 9910 9926 9946 9954 9999 10081 12707 12744 12775 12781 12871 12900 12934 12941 12959 12984 13007 13029 13040 13045 13076 13077 13106 13115 13116 13132 13140 13148 13163 13176 13183 13192 13193 13211 13216 13241 13249 13278 13279 13293 13306 13307 13323 13355 13367 13391 13415 13434 13450 13451 13452 13453 13461 13474 13481 13482 13489 13499 13506 13509 13519 13532 13542 13543 13560 13569 13572 13578 13605 13612 13618 13619 13620 13627 13632 13650 13661 13681 13682 13683 13691 13697 13721 13725 13730 13749 13762 13774 13779 13780 13787 13793 13825 13851 13859 13866 13893 13907 13915 13935 13944 13953 13964 13973 13977 13985 14015 14041 14042 14049 14065 14083 14092 14093 14105 14127 14128 14138 14158 14170 14243 14252 14288 14294 16900 16901 16903 16913 17520 17564 17600 17770 17771 18100 18103 18115 18135 
	}

	resources = {
		steel = 84
		tungsten = 95
	}

	history = {
		owner = HAB
		
		victory_points = { 5923 15 }
		victory_points = { 7778 15 }
		victory_points = { 13964 15 }
		
		buildings = {
			infrastructure = 2
			industrial_complex = 3
		}
		
		add_core_of = HAB
	}

}
