state={
	id=223
	name="STATE_223"
	provinces={
		107 343 976 979 1070 1267 2066 2072 2446 2658 2788 2924 3100 3169 3421 3474 3649 3905 4658 4903 5006 5027 5311 5472 5572 5592 5829 5910 6065 6228 6379 6422 6903 6996 7223 7444 7449 7746 7955 8033 8328 8472 8826 9369 9649 9701 9948 10091 10280 10549 11159 11205 11498 11506 12462 12498 12807 13101 13112 13232 13353 13394 13459 13624 13695 13736 14485 14509 14548 14643 15177 15282 15505 15644 15818 16483 16495 16526 16528 16567 16594 16595 16610 16618 16642 16646 16677 16685 16686 16697 16741 16742 16782 16786 16883 16892 16909 16919 16949 16970 16981 17006 17018 17019 17023 17052 17068 17247 17248 17254 17261 17296 17341 17385 17432 
	}
	buildings_max_level_factor=1.000
        manpower=1
        state_category = rural
}
