state={
	id=226
	name="STATE_226"
	provinces={
		18 904 925 2280 2686 2799 3131 3223 3991 4015 4714 4764 5378 5506 7094 7198 7219 7975 7995 8397 8491 8713 8908 8930 9190 9621 9899 10550 10668 10987 11195 11561 11634 11769 11946 12962 13140 13852 14010 14091 14133 14167 15245 15793 15880 16380 16411 16422 16427 16438 16465 16498 16501 16531 16555 16585 16613 16617 16621 16622 16637 16644 16653 16655 16665 16688 16701 16719 16720 16733 16744 
	}
	buildings_max_level_factor=1.000
        manpower=1
        state_category = rural
}
