state={
	id=242
	name="STATE_242"
	provinces={
		2178 2341 3709 3952 3981 4583 4599 5076 5467 5779 5866 6643 7415 8254 8468 9857 9951 10048 10175 10819 11116 11777 12334 12385 13257 13502 13694 13905 13946 14078 14134 14347 14635 15551 15687 15867 16611 16630 16649 16658 16673 16679 16680 16687 16706 16718 16724 16732 16737 16743 16748 16749 16758 16768 16769 16770 16778 16795 16801 16821 16824 16839 16840 16851 16856 16864 16891 16894 16908 16911 16926 16929 16938 16939 16957 16966 16991 17000 17001 17032 17039 17043 17062 17078 17091 17101 
	}
	buildings_max_level_factor=1.000
        manpower=1
        state_category = rural
}
