state={
	id=250
	name="STATE_250"
	provinces={
		413 637 747 901 1333 1677 1681 1714 1729 2189 2283 2454 2590 2707 2747 4186 4321 4458 4517 4652 5466 5804 5836 6267 6505 6951 7296 7477 7868 8319 8656 9198 9263 9492 9547 9798 10083 10354 10408 10727 10863 11119 11277 11529 11814 12092 12437 12460 12921 12990 13008 13115 13757 13851 14202 14706 15105 15145 15378 15449 15535 16624 16657 16667 16690 16721 16756 16771 16772 16843 16844 16875 16882 16901 16902 16934 16962 16989 16995 17010 17060 17066 17076 17077 17145 17146 17158 17161 17186 17192 17199 17253 17266 17277 17285 17306 17321 17339 17340 17366 17372 17379 17424 
	}
	buildings_max_level_factor=1.000
        manpower=1
        state_category = rural
}
