state={
	id=289
	name="STATE_289"
	provinces={
		1394 1518 1612 1715 1997 2475 3672 3744 3793 5509 5920 6231 7049 8085 8689 8731 9147 9380 9707 10224 10589 11893 12331 12503 14284 14745 14972 15822 15831 15884 17096 17135 17147 17165 17193 17204 17209 17218 17236 17237 17258 17259 17273 17278 17307 17309 17328 17349 17354 17355 17411 17418 17426 17428 17455 17468 17471 17493 17511 17516 17543 17552 17559 17582 
	}
	buildings_max_level_factor=1.000
        manpower=1
        state_category = rural
}
