state = {
	id = 34
	name = "STATE_34"
	manpower = 10000

	state_category = large_town

	provinces = {
		49 75 336 357 393 450 511 564 575 586 606 665 690 696 752 766 810 962 997 1119 1226 1254 1255 1395 1421 1640 1709 1884 1968 2002 2003 2027 2223 2317 2374 2395 2454 2566 3053 3065 3099 3109 3148 3224 3226 3322 3437 3477 3748 3867 4024 4088 4188 4232 4763 4899 5024 5179 5258 5370 5451 5723 5875 5999 6552 7093 7152 7786 7874 7878 8253 8881 9092 9294 9354 9432 12341 12408 12461 12872 12888 13264 13667 13954 14187 14258 14432 14522 14726 14950 15185 16865 16872 16885 16889 
	}

}
