state = {
	id = 35
	name = "STATE_35"
	manpower = 242637

	state_category = town

	provinces = {
		7 80 270 427 512 639 646 694 848 1073 1353 1666 1845 1901 2068 2806 2844 2871 2915 3036 3082 3163 3165 3255 3341 3343 3405 3408 3621 3645 3852 4427 4587 4660 4819 5027 5326 5792 5869 5902 5993 6019 6057 6161 6215 6490 6677 6721 6735 6795 6975 7112 7119 7205 7289 7367 7404 7419 7478 7533 7810 7848 7953 7998 8071 8239 8322 8393 8406 8512 8588 8622 8661 8891 8988 9074 9110 9191 9344 9535 9862 10023 12353 12413 12471 12512 12526 12533 12574 12630 12695 12710 12736 12759 12763 12793 12794 12832 12833 12855 12869 12892 12899 12904 12932 12944 12973 13002 13003 13055 13095 13137 13144 13202 13213 13221 13247 13272 13294 13316 13317 13410 13442 13457 13463 13477 13484 13503 13504 13535 13555 13603 13624 13625 13634 13659 13678 13700 13711 13732 13738 13757 13764 13783 13805 13822 13831 13854 13868 13891 13902 13946 13966 14018 17747 18085 18095 18144 18636 18637 18638 18641 18642 18643 18644 18646 
	}

	resources = {
		tungsten = 17
		oil = 130
		aluminium = 79
	}

	history = {
		owner = HMO
		
		victory_points = { 6677 15 }
		victory_points = { 7848 15 }
		victory_points = { 13625 50 }
		
		buildings = {
			infrastructure = 3
			industrial_complex = 2
		}
		
		add_core_of = HMO
	}

}
