state={
	id=38
	name="STATE_38"
	provinces={
		160 349 485 531 590 599 632 650 797 855 1050 1210 1228 1269 1335 1820 1881 1925 2078 2126 2173 2483 2526 2536 2687 2755 2900 2909 2994 3166 3188 3196 3204 3312 3386 3561 3719 3720 3839 4049 4056 4067 4109 4253 4414 4633 4955 5001 5200 5211 5310 5348 5492 5528 5726 5788 5964 6018 6204 6288 6307 6515 6684 6931 6990 7270 7318 7353 7448 7509 7533 7705 7833 7855 8156 8216 8223 8264 8333 8546 8592 8609 8645 8706 8711 8759 9023 9210 9304 9321 9362 9398 9668 9749 10041 10085 10184 10235 10338 10356 10648 10662 10707 10998 11145 11227 11298 11849 11959 12012 12063 12080 12389 13031 13267 13605 13928 14084 14349 14491 14555 14651 14762 14988 15054 15246 15888 16615 16629 16641 16717 16730 16735 16739 16785 16860 16863 16994 17050 17105 17138 17144 17216 17313 17384 17388 17446 17447 17463 17518 17565 17603 17637 17648 17664 17682 17698 17780 17787 17857 17926 17941 17968 17981 18008 18056 18124 18269 18282 18341 18414 18488 18508 18509 18606 18670 18690 18710 18723 18776 18802 18944 19084 19106 19245 19332 19358 19425 19784 
	}
	buildings_max_level_factor=1.000
        manpower=1
        state_category = rural
}
