state = {
	id = 444
	name = "STATE_444"
	manpower = 206112

	state_category = town

	provinces = {
		16 60 97 157 170 343 671 765 850 1012 1135 1166 1176 1217 1274 1295 1432 1439 1477 1576 1627 1724 1733 1779 1895 1932 1987 2098 2103 2145 2207 2246 2270 2281 2304 2337 2435 2460 2461 2512 2586 2599 2630 2812 2827 3173 3196 3197 3282 3320 3364 3389 3467 3505 3514 3567 3731 3758 3809 3835 3890 3918 3994 4023 4131 4156 4185 4225 4307 4310 4396 4440 4476 4503 4533 4575 4585 4657 4682 4690 4791 4858 4864 5008 5109 5121 5144 5262 5372 5414 5459 5599 5668 5729 5835 5844 5931 6002 6009 6012 6034 6132 6188 6200 6212 6275 6316 6405 6433 6496 6499 6527 6541 6556 6664 6770 6829 6854 6922 6933 6935 6977 6993 7061 7114 7136 7157 7184 7224 7297 7349 7374 7387 7401 7432 7447 7479 7516 7519 7590 7611 7620 7687 7750 7807 7843 7862 7890 7963 8006 8050 8084 8179 8267 8274 8350 8357 8388 8518 8560 8594 8758 8804 8852 8869 8932 9016 9039 9048 9140 9147 9247 9254 9423 9474 9475 9527 9638 9671 9683 9758 9860 9934 9971 10003 10025 10030 10055 10477 10500 10510 10527 10530 10541 10559 10563 10581 10589 10599 10608 10613 10628 10717 10755 10773 10781 10817 10837 10881 10892 10903 10911 10916 10917 10947 11003 11017 11026 11050 11081 11087 11112 11167 11180 11199 11207 11213 11216 11220 11235 11237 11242 11243 11246 11251 11256 11287 11291 11294 11313 11319 11332 11338 11352 11357 11364 11366 11381 11382 11395 11403 11404 11410 11421 11422 11426 11442 11443 11453 11455 11468 11488 11495 11521 11531 11541 11555 11572 11580 11581 11592 11593 11612 11626 11662 11691 11695 11696 11699 11700 11707 11716 11723 11727 11737 11754 11755 11757 11760 11780 11781 11782 11799 11805 11806 11813 11817 11827 11837 11838 11846 11859 11860 11869 11895 11900 11905 11926 11929 11938 11939 11951 11957 11958 11963 11969 11970 11972 11975 11985 11993 11994 12005 12017 12024 12034 12042 12046 12067 12087 12110 12132 12147 12163 12210 12420 12681 12908 16706 16707 16721 16739 16740 16752 16755 16758 16766 16768 16773 16786 16788 16790 16791 16794 16801 16802 16803 16804 16806 16807 16808 16811 16812 16814 16823 
	}

	resources = {
		tungsten = 29
		oil = 41
	}

	history = {
		owner = KSK
		
		victory_points = { 97 15 }
		victory_points = { 3514 15 }
		victory_points = { 9475 15 }
		victory_points = { 12147 15 }
		
		buildings = {
			infrastructure = 1
			industrial_complex = 2
		}
		
		add_core_of = KSK
	}

}
