state = {
	id = 455
	name = "STATE_455"
	manpower = 272802

	state_category = town

	provinces = {
		141 236 387 410 828 1125 1126 1154 1221 1246 1436 1500 1503 1522 1574 1614 1706 1723 1738 1782 1788 1798 1854 1937 1946 2001 2149 2311 2350 2576 2620 2637 2648 2721 2858 2942 2956 3043 3141 3483 3501 3656 3817 3822 3833 3865 4095 4204 4224 4247 4397 4437 4517 4541 4571 4582 4616 4943 5007 5073 5091 5148 5231 5249 5522 5665 5708 5731 5883 5891 5904 5924 5990 6075 6105 6197 6281 6311 6318 6404 6415 6559 6655 6716 6755 6818 7357 7377 7380 7390 7402 7428 7493 7514 7523 7542 7736 7779 7792 7909 7958 7971 8034 8098 8119 8138 8162 8433 8449 8513 8547 8596 8616 8654 8666 8720 8802 8831 8908 8946 8948 8970 9090 9135 9201 9217 9346 9362 9401 9424 9472 9574 9588 9650 9686 9742 10029 10035 10097 12648 12693 12802 12811 12880 12881 12896 12929 12954 12972 12983 12991 13006 13015 13028 13038 13044 13054 13063 13074 13086 13087 13088 13097 13099 13114 13120 13139 13145 13146 13147 13157 13161 13162 13174 13181 13182 13206 13231 13263 13269 13292 13298 13299 13314 13327 13333 13341 13353 13356 13360 13365 13366 13378 13379 13383 13395 13408 13432 13433 13439 13498 13505 13508 13523 13539 13547 13548 13557 13558 13567 13568 13575 13577 13585 13589 13599 13600 13617 13656 13657 13672 13680 13716 13724 13729 13735 13747 13748 13767 13777 13823 13824 13845 13849 13857 13870 13877 13911 13912 13963 
	}

	history = {
		owner = YAK
		
		victory_points = { 12880 15 }
		victory_points = { 13548 15 }
		
		buildings = {
			infrastructure = 2
			industrial_complex = 2
		}
		
		add_core_of = YAK
	}

}
