state = {
	id = 456
	name = "STATE_456"
	manpower = 638120

	state_category = town

	provinces = {
		965 982 1031 1055 1059 1194 1215 1440 1462 1516 1969 2053 2140 2205 2359 2372 2373 2433 3110 3217 3426 3474 3527 3641 3659 3693 3899 4512 4610 4673 4686 5046 5103 5274 5298 5392 5415 5480 5646 5664 5753 5766 5810 6106 6108 6243 6312 6418 6444 6545 6619 6667 6804 6821 6853 6869 6930 6971 6991 7031 7223 7242 7407 7520 7575 7960 8356 8468 8528 8585 8605 8608 8635 8693 8697 8764 8931 9197 9398 9406 9459 9502 9651 9755 9767 9995 10020 10064 11605 11648 11653 11702 11720 11758 11791 11823 11829 11849 11861 11862 11870 11884 11907 11911 11918 11927 11952 11959 11960 11978 12002 12003 12018 12019 12035 12039 12073 12079 12089 12090 12106 12122 12130 12142 12143 12148 12149 12166 12171 12176 12192 12206 12214 12226 12227 12239 12260 12267 12286 12293 12332 12339 12340 12358 12376 12384 12405 12406 12421 12428 12433 12436 12449 12460 12467 12470 12480 12481 12494 12508 12539 12543 12571 12620 12627 12647 12668 12683 12706 12732 12752 12773 12787 12818 12829 12853 
	}

	history = {
		owner = YAK
		
		victory_points = { 2205 50 }
		
		buildings = {
			infrastructure = 2
			industrial_complex = 2
		}
		
		add_core_of = YAK
	}

}
