state = {
	id = 460
	name = "STATE_460"
	manpower = 10000

	state_category = town

	provinces = {
		6 81 276 295 301 368 381 412 431 632 688 719 742 801 816 895 1030 1061 1147 1190 1315 1371 1431 1633 1655 1697 1712 1793 1843 1861 1874 1953 2137 2254 2356 2407 2506 2622 2661 3340 3407 3434 3451 3555 3562 3955 3968 4064 4093 4419 4771 4875 4898 4944 4962 4989 5116 5130 5248 5407 5409 5410 5475 5552 5619 5647 5769 5789 5815 5876 5880 5893 5945 5959 6129 6136 6137 6171 6242 6342 6385 6398 6451 6500 6523 6561 6562 6742 6761 6799 6860 6888 6893 6908 6949 7084 7177 7189 7273 7330 7356 7585 7630 7889 7931 7995 8019 8139 8203 8222 8236 8389 8429 8451 8475 8479 8488 8524 8712 8742 8775 8853 8977 9019 9035 9076 9080 9148 9270 9271 9284 9337 9365 9435 9440 9495 9596 9611 9622 9978 9987 9993 11140 11148 11165 11192 11252 11273 11284 11292 11310 11322 11326 11343 11344 11370 11371 11400 11407 11416 11438 11464 11473 11492 11508 11524 11529 11535 11556 11575 11583 11608 11623 11639 11683 11684 11688 11739 11785 11809 11830 11871 11877 11896 11908 11942 11947 11953 12007 12057 12058 12080 12091 12112 12118 12152 12164 12188 12193 12218 12219 12234 12274 12294 12295 12359 12373 12374 12377 12407 12422 12437 12452 12483 12509 12516 12519 12544 12582 12638 12641 12649 12689 12702 12715 12721 12722 12726 12774 12797 12803 12838 12854 12857 12887 12911 12930 13001 13016 13039 13075 13100 13127 13158 13175 13199 13270 13277 13322 13421 13550 
	}

	resources = {
		tungsten = 13
	}

	history = {
		owner = HAB
		
		buildings = {
			infrastructure = 2
			industrial_complex = 2
		}
		
		add_core_of = HAB
	}

}
