state = {
	id = 461
	name = "STATE_461"
	manpower = 222986

	state_category = town

	provinces = {
		8 17 138 219 251 513 958 1042 1124 1162 1300 1306 1328 1428 1777 1800 1853 1858 2089 2146 2217 2220 2318 2467 2483 2492 2549 2618 2739 2952 2992 3134 3272 3360 3394 3435 3486 3503 3507 3788 3882 3907 4046 4197 4221 4233 4258 4285 4357 4361 4370 4444 4446 4519 4607 4634 4654 4712 4753 4796 4881 4976 4979 5010 5011 5072 5075 5082 5153 5219 5349 5513 5613 5725 5807 5809 5840 5874 5895 5907 5968 6046 6359 6396 6448 6459 6476 6580 6691 6729 6891 6968 7012 7015 7070 7111 7139 7175 7248 7434 7628 7666 7686 7808 8016 8025 8073 8118 8206 8226 8281 8307 8318 8453 8545 8573 8722 8856 8906 8919 8967 8990 9025 9063 9132 9156 9199 9308 9425 9439 9441 9470 9485 9488 9646 9706 9712 9738 9740 9749 9756 9806 9930 10079 10083 12141 12157 12217 12225 12238 12263 12320 12324 12363 12372 12416 12427 12448 12457 12493 12507 12518 12536 12537 12538 12542 12561 12581 12588 12594 12603 12608 12614 12646 12667 12688 12714 12720 12725 12750 12751 12772 12785 12786 12796 12824 12837 12879 12886 12910 12918 12933 12953 12990 13004 13005 13027 13048 13067 13085 13092 13093 13126 13131 13156 13160 13172 13173 13191 13220 13226 13227 13230 13248 13261 13286 13304 13305 13313 13321 13350 13351 13352 13359 13371 13372 13376 13397 13407 13413 13414 13437 13438 13449 13466 13488 13515 13531 13537 13538 13570 13571 13584 13610 13626 13630 13638 13666 13671 13679 13703 13741 13760 13835 13836 13941 13997 14014 14071 
	}

	history = {
		owner = YAK
		
		victory_points = { 2217 15 }
		victory_points = { 6396 15 }
		
		buildings = {
			infrastructure = 2
			industrial_complex = 2
		}
		
		add_core_of = YAK
	}

}
