state = {
	id = 488
	name = "STATE_488"
	manpower = 158127

	state_category = town

	provinces = {
		96 335 377 796 1086 1101 1408 1519 1648 1990 2444 2504 2634 3256 3545 3619 3628 3777 3794 4073 4252 4718 4852 4878 4900 4915 5120 5592 5845 5926 5992 6330 6387 6454 6495 6502 6628 6789 6851 7010 7159 7228 7341 7431 7587 7735 7830 7957 8030 8090 8414 8727 9043 9328 9623 9871 10066 11234 11290 11324 11441 11452 11509 11520 11570 11579 11620 11672 11680 11705 11706 11711 11753 11756 11816 11865 11883 11920 11925 11968 11983 11984 12001 12010 12037 12054 12055 12137 12151 12156 12174 12179 12208 12216 12223 12272 12297 12410 16810 16832 16835 16842 16844 16881 
	}

	history = {
		owner = YNO
		
		victory_points = { 1519 5 }
		victory_points = { 4252 5 }
		victory_points = { 7830 15 }
		
		buildings = {
			infrastructure = 1
			industrial_complex = 2
		}
		
		add_core_of = YNO
	}

}
