state = {
	id = 489
	name = "STATE_489"
	manpower = 735309

	state_category = town

	provinces = {
		191 249 536 557 824 1469 1480 1826 2427 2545 2669 3012 3347 3455 3552 3578 3602 3647 3719 3856 3894 4178 4961 5064 5092 5118 5205 5536 5544 5612 5726 5921 6124 6194 6258 6354 6987 7021 7129 7460 7562 7749 7928 7973 8117 8170 8300 8526 8589 8629 8658 8688 8848 8984 9125 9307 9333 9420 9616 9662 9769 9836 9850 13318 13339 13369 13382 13490 13493 13494 13524 13546 13556 13563 13582 13644 13693 13718 13771 13791 13811 13839 13855 13920 13921 13937 13938 14004 14005 14006 14035 14052 14077 14078 14136 14153 14189 14211 14246 14247 14260 14377 14402 14418 
	}

	history = {
		owner = HMO
		
		victory_points = { 8848 15 }
		victory_points = { 9836 15 }
		
		buildings = {
			infrastructure = 2
			industrial_complex = 2
		}
		
		add_core_of = HMO
	}

}
