state = {
	id = 521
	name = "STATE_521"
	manpower = 504139

	state_category = town

	provinces = {
		13 26 114 172 184 189 206 262 332 362 385 392 400 443 470 499 523 682 706 708 740 778 804 843 852 904 931 943 1038 1114 1146 1167 1216 1251 1260 1324 1347 1413 1414 1424 1434 1455 1484 1603 1684 1707 1713 1716 1736 1737 1799 1801 1817 1847 1923 1947 1949 1999 2004 2046 2049 2050 2052 2067 2092 2115 2154 2210 2214 2240 2279 2286 2288 2305 2330 2340 2347 2378 2489 2508 2511 2571 2582 2631 2659 2664 2703 2716 2738 2742 2819 2840 2891 2929 2984 2985 3009 3020 3023 3026 3061 3075 3113 3135 3161 3191 3203 3211 3219 3228 3236 3248 3269 3274 3305 3323 3358 3422 3424 3442 3470 3487 3516 3517 3522 3531 3614 3618 3640 3682 3708 3749 3754 3756 3766 3808 3826 3840 3841 3858 3859 3887 3941 3942 3971 4026 4035 4042 4050 4069 4083 4120 4134 4142 4187 4189 4199 4203 4217 4273 4296 4302 4322 4383 4400 4405 4465 4617 4619 4624 4628 4648 4666 4668 4675 4679 4684 4694 4695 4766 4789 4804 4827 4887 4953 4960 4991 5040 5047 5085 5089 5113 5127 5189 5191 5263 5281 5317 5394 5397 5405 5416 5452 5469 5470 5494 5514 5520 5535 5539 5549 5610 5621 5628 5670 5671 5754 5757 5772 5816 5821 5829 5914 5946 5955 5967 5976 6010 6120 6150 6219 6276 6294 6314 6343 6362 6464 6474 6479 6517 6543 6551 6558 6563 6573 6588 6589 6595 6598 6622 6635 6693 6706 6707 6725 6743 6749 6762 6784 6823 6830 6833 6856 6929 6946 6951 6980 7032 7067 7079 7094 7097 7108 7113 7128 7138 7146 7191 7206 7216 7241 7281 7283 7317 7319 7320 7331 7344 7378 7394 7448 7468 7483 7513 7537 7567 7577 7578 7581 7638 7657 7662 7677 7678 7685 7740 7774 7806 7833 7840 7851 7871 7891 7899 7911 7924 7947 7978 7983 8031 8045 8051 8062 8085 8089 8093 8100 8183 8184 8198 8208 8220 8232 8249 8279 8284 8314 8324 8327 8338 8366 8392 8457 8472 8476 8491 8497 8517 8525 8540 8549 8564 8578 8581 8604 8630 8685 8716 8733 8770 8806 8810 8857 8878 8899 8918 8923 8968 9010 9015 9018 9020 9023 9061 9108 9124 9137 9167 9174 9195 9214 9251 9300 9301 9313 9339 9355 9356 9413 9446 9504 9517 9561 9565 9640 9669 9695 9732 9739 9752 9834 9900 9903 9914 9923 9960 9961 9990 10005 10043 10078 12012 12068 12077 12078 12088 12093 12115 12116 12133 12134 12160 12169 12180 12187 12200 12205 12211 12224 12251 12259 12265 12266 12285 12291 12299 12308 12329 12330 12331 12350 12357 12367 12381 12388 12394 12401 12402 12403 12411 12414 12425 12432 12445 12446 12455 12466 12477 12478 12482 12488 12496 12497 12498 12505 12514 12528 12553 12554 12568 12569 12572 12579 12586 12590 12591 12601 12610 12611 12612 12619 12625 12626 12632 12644 12656 12657 12665 12672 12676 12680 12685 12686 12687 12696 12704 12719 12729 12737 12749 12754 12765 12771 12788 12795 12808 12810 12817 12822 12823 12836 12843 12848 12852 12856 12861 12862 12875 12894 12905 12909 12916 12939 12945 12971 12977 12982 12996 12999 13013 13014 13025 13043 13046 13047 13057 13058 13059 13060 13061 13065 13072 13084 13096 13098 13111 13112 13124 13125 13129 13138 13171 13179 13188 13189 13190 13197 13203 13204 13219 13223 13239 13240 13243 13256 13257 13266 13268 13273 13274 13275 13290 13291 13297 13312 13319 13320 13326 13331 13332 13337 13346 13347 13357 13358 13377 13390 13404 13405 13411 13412 13419 13420 13426 13436 13443 13454 13460 13465 13470 13471 13472 13478 13479 13480 13487 13496 13497 13507 13518 13526 13541 13564 13588 13592 13593 13594 13598 13635 13636 13645 13646 13655 13669 13694 13695 13715 13727 13733 13739 13740 13746 13754 13755 13759 13766 13784 13795 13796 13802 13806 13812 13816 13817 13833 13834 13842 13861 13876 13880 13903 13904 13910 13924 13950 13951 13959 13960 13981 13982 14040 14064 14069 14097 14098 14104 14109 14113 14114 14137 14179 14184 14185 14191 14207 14208 14238 14250 14378 
	}

	resources = {
		oil = 33
	}

	history = {
		owner = KSK
		
		victory_points = { 1455 5 }
		victory_points = { 3191 15 }
		victory_points = { 7317 5 }
		victory_points = { 9669 15 }
		
		buildings = {
			infrastructure = 2
			industrial_complex = 2
		}
		
		add_core_of = KSK
	}

}
