state = {
	id = 526
	name = "STATE_526"
	manpower = 204251

	state_category = town

	provinces = {
		83 154 217 363 483 680 881 1139 1236 1602 1730 1905 1955 1974 2151 2598 2979 3049 3238 3267 3787 4029 4062 4109 4274 4614 4650 4801 4861 5088 5264 5316 5563 5747 5802 5973 5986 6058 6138 6408 6597 6840 6876 7038 7178 7200 7237 7558 7702 7756 7780 7930 7999 8042 8109 8204 8502 8728 8874 9275 9570 9687 9705 9824 9901 9905 9906 10080 11179 11190 11228 11233 11262 11275 11279 11286 11316 11327 11328 11337 11379 11440 11450 11466 11478 11485 11502 11504 11530 11538 11543 11557 11563 11568 11576 11591 11603 11619 11630 11636 11642 11660 11675 11714 11746 11795 11804 11811 11842 11843 11897 11901 12032 12059 12125 12184 12242 12284 16809 
	}

	history = {
		owner = ARH
		
		victory_points = { 1139 15 }
		victory_points = { 11262 50 }
		victory_points = { 11327 15 }
		
		buildings = {
			infrastructure = 2
			industrial_complex = 2
		}
		
		add_core_of = ARH
	}

}
