state = {
	id = 555
	name = "STATE_555"
	manpower = 487751

	state_category = town

	provinces = {
		10 40 585 905 1314 1476 1530 1674 1682 1756 1951 1970 2031 2106 2136 2513 2869 2879 2916 3137 3492 3556 3805 3958 3982 4260 4662 4841 4935 5456 5640 5706 5715 5892 6056 6068 6363 6553 6783 6986 7000 7069 7211 7277 7506 7608 7667 7838 7852 8106 8315 8385 8440 9228 9299 9444 9628 9790 13215 13276 13335 13370 13448 13491 13514 13565 13609 13616 13637 13665 13670 13696 13728 13785 13843 13862 13863 13925 13952 13961 13967 13991 13992 13996 14026 14029 14030 14070 14087 14117 14143 14157 14196 14219 14241 14256 14262 14310 14343 14365 14397 14438 14532 14541 
	}

	resources = {
		oil = 31
	}

	history = {
		owner = IRK
		
		buildings = {
			infrastructure = 2
			industrial_complex = 2
		}
		
		add_core_of = IRK
	}

}
