state = {
	id = 56
	name = "STATE_56"
	manpower = 42287

	state_category = large_town

	provinces = {
		9 140 194 220 245 313 397 477 489 521 568 596 636 651 711 792 799 807 870 1040 1184 1238 1273 1290 1416 1467 1534 1566 1610 1618 1651 1667 1680 1727 1745 1879 1994 2056 2072 2085 2139 2162 2184 2200 2262 2273 2426 2465 2531 2607 2638 2660 2737 2836 2842 2847 2876 2905 2923 2927 2938 2976 3006 3041 3102 3130 3146 3214 3279 3281 3284 3301 3310 3330 3332 3374 3410 3508 3511 3533 3580 3587 3663 3670 3780 3863 3991 4007 4012 4019 4030 4052 4195 4205 4259 4306 4325 4329 4360 4464 4526 4530 4536 4550 4562 4618 4622 4637 4638 4639 4659 4674 4680 4707 4870 4874 4889 4986 4995 5055 5071 5111 5131 5182 5183 5269 5297 5343 5575 5594 5598 5617 5645 5683 5692 5698 5713 5825 5889 5903 5984 6004 6014 6039 6042 6202 6234 6235 6239 6271 6469 6608 6609 6621 6637 6648 6715 6800 6814 6819 6910 6923 6954 6994 7059 7088 7116 7140 7359 7384 7425 7429 7445 7449 7469 7473 7535 7545 7604 7707 7760 7825 7837 7892 7917 7944 8038 8143 8146 8167 8177 8181 8188 8199 8271 8377 8396 8416 8435 8486 8572 8607 8748 8757 8785 8791 8803 8833 8844 8902 8954 9099 9144 9219 9223 9241 9265 9347 9357 9391 9427 9428 9445 9454 9461 9476 9594 9607 9635 9643 9664 9736 9763 9782 9810 9855 9882 9893 9989 10032 10050 10090 10148 10149 10150 10151 10152 10153 10154 10155 10156 10157 10158 10159 10160 10161 10162 10163 10164 10165 10167 10168 10169 10171 10172 10174 10175 10176 10177 10178 10179 10180 10181 10182 10183 10184 10185 10186 10187 10188 10190 10191 10192 10193 10194 10195 10196 10197 10198 10199 10200 10201 10202 10203 10204 10205 10206 10207 10208 10209 10210 10211 10212 10213 10214 10215 10216 10217 10218 10219 10220 10221 10222 10223 10224 10225 10226 10227 10228 10230 10231 10232 10233 10234 10235 10237 10238 10239 10241 10242 10243 10245 10246 10247 10248 10249 10250 10252 10254 10255 10256 10258 10259 10260 10261 10262 10264 10267 10268 10269 10270 10271 10272 10273 10276 10277 10278 10280 10281 10283 10284 10287 10288 10292 10293 10294 10298 10301 10303 10304 10307 10309 10310 10311 10313 10316 10318 10321 10322 10323 10326 10329 10331 10332 10334 10335 10340 10341 10343 10344 10347 10348 10352 10353 10354 10356 10359 10360 10361 10364 10371 10377 10379 10381 10386 10399 10402 10403 10404 10408 10417 10421 10425 10430 10431 10435 
	}

	history = {
		owner = CHK
		
		victory_points = { 3279 15 }
		victory_points = { 6608 50 }
		victory_points = { 6910 5 }
		victory_points = { 10232 15 }
		
		buildings = {
			infrastructure = 1
			industrial_complex = 1
		}
		
		add_core_of = CHK
	}

}
