state = {
	id = 564
	name = "STATE_564"
	manpower = 610327

	state_category = town

	provinces = {
		459 629 919 932 1422 1482 1523 1685 1899 1977 2333 2341 2570 2629 2971 3033 3356 3465 3544 3984 4207 4283 4493 4688 4745 4778 4784 4891 4950 5037 5324 5362 5388 5448 5510 5600 6269 6575 6760 7074 7117 7503 7592 7598 7640 7643 7648 7673 7726 7819 7841 8155 8427 8692 9269 9363 9368 9645 9678 9754 9942 10031 10094 13566 13595 13611 13639 13660 13688 13719 13734 13761 13772 13776 13786 13797 13807 13818 13844 13856 13864 13881 13896 13905 13933 13962 13972 14027 14072 14088 14089 14122 14123 14150 14168 14174 14180 14197 14198 14242 14257 14263 14277 14278 14320 14323 14330 14333 14336 14366 14372 14379 14387 14389 14417 14419 14442 14465 14466 14485 14515 14575 14597 14698 
	}

	resources = {
		aluminium = 11
	}

	history = {
		owner = IRK
		
		buildings = {
			infrastructure = 2
			industrial_complex = 2
		}
		
		add_core_of = IRK
	}

}
