state = {
	id = 566
	name = "STATE_566"
	manpower = 106359

	state_category = town

	provinces = {
		501 652 892 1374 2074 2408 2759 3100 3261 3328 3357 3458 3468 3491 3541 3565 3902 3973 4145 4213 4235 4254 4477 4609 4613 4716 4831 4955 5026 5256 5430 5581 5720 5730 5791 5954 6007 6230 6268 6305 6380 6423 6497 6550 6820 6889 6903 6996 7198 7246 7303 7456 7561 7773 7826 8515 8614 8762 8789 8820 8842 9022 9203 10244 10251 10253 10257 10263 10265 10274 10279 10282 10289 10291 10295 10296 10305 10306 10312 10314 10324 10325 10327 10333 10345 10346 10349 10355 10362 10368 10380 10382 10397 10398 10406 10409 10418 10423 10427 10457 10465 10486 10489 10498 10499 10511 10519 10540 10561 
	}

	history = {
		owner = KCH
		
		victory_points = { 2074 5 }
		
		buildings = {
			infrastructure = 2
			industrial_complex = 2
		}
		
		add_core_of = KCH
	}

}
