state = {
	id = 63
	name = "STATE_63"
	manpower = 112223

	state_category = rural

	provinces = {
		68 122 197 345 365 415 447 666 835 868 1624 1747 1783 2081 2247 2249 2787 3038 3054 3097 3366 3429 3471 3830 3845 3846 3870 3925 4002 4127 4229 4239 4709 4856 5168 5222 5479 5507 5673 5687 5940 5998 6032 6070 6166 6345 6534 6583 6753 6764 6879 7098 7137 7497 7863 7980 8082 8169 8280 8303 8519 8575 8590 8592 8611 8653 8699 8700 8709 8784 8796 8846 8962 8975 9049 9054 9163 9433 9625 9627 9630 9666 9697 9698 9807 9912 10019 10046 11604 11637 11650 11670 11676 11687 11725 11742 11743 11777 11788 11796 11812 11834 11844 11845 11880 11881 11888 11892 11893 11898 11902 11903 11915 11928 11937 11962 11974 11979 11980 11981 11982 11992 12000 12016 12022 12023 12029 12033 12036 12044 12052 12060 12064 12071 12086 12097 12126 12127 12145 12177 12178 12202 12222 12230 12248 12249 12257 12270 12279 12289 12307 12311 12318 12327 12337 12338 12342 12356 12397 12398 12424 12434 12439 12459 12495 12521 12552 12629 
	}

	resources = {
		aluminium = 199
	}

	history = {
		owner = KOR
		
		victory_points = { 8611 15 }
		victory_points = { 12052 15 }
		
		buildings = {
			infrastructure = 1
			industrial_complex = 2
		}
		
		add_core_of = KOR
	}

}
