state = {
	id = 77
	name = "STATE_77"
	manpower = 80312

	state_category = large_town

	provinces = {
		31 394 669 966 1131 1433 1549 1550 1591 1698 1732 2094 2197 2252 2676 2881 3246 3599 3818 4094 4297 4363 4364 4717 4732 4833 4851 4904 4972 5041 5293 5303 5336 5576 5589 5714 5890 5899 6426 6663 7002 7197 7231 7310 7313 7339 7632 7803 7951 8067 8446 8631 8702 8872 8894 9233 9260 9263 9400 9604 9626 9656 9762 9764 9848 9937 9977 10004 10526 10546 10547 10558 10568 10579 10582 10588 10595 10618 10627 10632 10665 10683 10700 10709 10723 10728 10734 10743 10763 10770 10771 10778 10783 10805 10810 10833 10843 10909 10910 10915 10952 
	}

	history = {
		owner = KCH
		
		buildings = {
			infrastructure = 1
			industrial_complex = 2
		}
		
		add_core_of = KCH
	}

}
