state={
	id=857
	name="STATE_857"
	provinces={
		967 1137 2162 2216 3571 3960 4460 4610 5204 6177 6408 6424 6745 7072 7259 8312 8847 9171 9180 9819 10033 10573 11481 11575 11903 11940 12337 12589 12729 12733 13192 13228 14099 14583 14768 14820 15011 15359 15490 22528 22606 22810 22874 22911 22931 22946 22957 23019 23030 23057 23068 23105 23144 23145 23163 23192 23236 23247 23353 23361 23371 23437 23450 23532 
	}
	buildings_max_level_factor=1.000
        manpower=1
        state_category = rural
}
