state = {
	id = 87
	name = "STATE_87"
	manpower = 10000

	state_category = large_town

	provinces = {
		379 595 643 784 940 1617 2105 2164 2500 3309 3825 4499 4543 7016 11689 11771 11930 13032 16824 16830 16831 16834 16837 16839 16846 16847 16850 16851 16852 16853 16854 16855 16856 16857 16858 16859 16860 16861 16862 16863 16864 16866 16867 16869 16870 16871 16873 16874 16875 16876 16877 16878 16879 16880 16882 16883 16884 16886 16887 16888 16890 16891 16892 16893 16894 16895 16896 16897 16898 16902 16904 16905 16906 16907 16908 
	}

}
