state = {
	id = 90
	name = "STATE_90"
	manpower = 1409362

	state_category = town

	provinces = {
		27 30 192 209 221 231 232 318 552 562 589 729 794 900 1151 1218 1285 1365 1460 1513 1582 1639 1670 1720 1752 1753 1857 1862 1871 1976 2040 2042 2069 2120 2143 2221 2237 2242 2251 2272 2292 2310 2507 2621 2730 2918 2930 3095 3172 3187 3277 3278 3321 3327 3365 3370 3391 3444 3532 3576 3646 3721 3733 3929 4015 4022 4043 4090 4092 4161 4190 4202 4248 4294 4312 4342 4508 4513 4539 4565 4629 4661 4768 4802 4832 4937 4963 4982 4983 5006 5015 5107 5154 5162 5203 5216 5223 5250 5251 5257 5275 5277 5365 5547 5557 5565 5634 5636 5656 5677 5700 5701 5716 5736 5795 5866 5881 5937 5951 5985 6041 6051 6062 6131 6223 6303 6438 6492 6548 6585 6625 6722 6788 6826 6969 6981 7020 7066 7095 7125 7164 7168 7169 7218 7220 7230 7243 7276 7326 7363 7527 7569 7586 7619 7626 7724 7850 7861 7905 7938 7954 7962 7977 8012 8018 8058 8069 8127 8195 8325 8383 8534 8536 8574 8663 8805 8866 8949 8964 9028 9046 9062 9141 9229 9235 9250 9286 9372 9382 9531 9617 9621 9696 9701 9813 9832 9880 9891 9907 9924 10073 10089 13892 13923 13932 13940 13975 13976 13990 13995 14008 14009 14020 14046 14055 14063 14103 14108 14112 14132 14149 14165 14166 14167 14178 14190 14192 14212 14213 14223 14235 14236 14237 14240 14248 14249 14254 14255 14276 14292 14299 14301 14305 14306 14307 14308 14309 14313 14314 14328 14329 14332 14335 14352 14354 14355 14358 14361 14363 14364 14388 14407 14408 14414 14429 14430 14437 14448 14449 14453 14454 14458 14464 14474 14483 14484 14497 14498 14499 14510 14511 14513 14514 14521 14528 14540 14551 14562 14568 14571 14572 14579 14603 14614 14620 14630 14635 14652 14659 14666 14682 14683 14691 14708 14715 14716 14718 14723 14724 14740 14746 14752 14767 14788 14789 14802 14813 14827 14832 14843 14851 14852 14866 14874 14878 14879 14889 14907 14921 14929 14934 14939 14951 14952 14961 14974 14975 14982 14986 14994 14998 15001 15023 15024 15041 15053 15064 15096 15097 15098 15116 15144 15151 15153 15154 15164 15176 15214 15218 15219 15252 15268 15271 15272 15287 15296 15308 15317 15323 15328 15337 15384 17509 17696 18245 18250 
	}

	resources = {
		oil = 196
		steel = 78
		aluminium = 38
	}

	history = {
		owner = KSK
		
		victory_points = { 221 15 }
		victory_points = { 4248 15 }
		victory_points = { 5565 15 }
		victory_points = { 6303 50 }
		victory_points = { 6826 15 }
		victory_points = { 15154 15 }
		
		buildings = {
			infrastructure = 2
			industrial_complex = 3
		}
		
		add_core_of = KSK
	}

}
