state = {
	id = 97
	name = "STATE_97"
	manpower = 467699

	state_category = town

	provinces = {
		257 361 418 577 601 1017 1529 1590 1622 1849 1878 1984 2043 2260 2583 2616 2645 2673 2736 2756 2790 2855 2863 2926 3107 3353 3416 3606 3690 3729 3747 3763 3811 3829 3897 3928 3954 4122 4124 4411 4577 4655 4755 4770 4879 4906 4907 4978 5069 5081 5117 5181 5234 5318 5340 5356 5387 5395 5435 5534 5551 5583 5777 5824 5858 6031 6078 6097 6107 6114 6187 6192 6247 6302 6306 6352 6420 6504 6511 6591 6632 6656 6699 6739 6741 6813 6835 6943 7065 7107 7150 7214 7287 7304 7324 7426 7617 7671 7781 7793 7896 7906 7934 8186 8370 8424 8430 8562 8610 8618 8710 8776 8788 8849 9051 9075 9084 9139 9152 9200 9231 9329 9493 9503 9550 9684 9702 9731 9863 9949 10065 12186 12198 12264 12271 12322 12323 12380 12391 12399 12400 12419 12440 12454 12472 12476 12491 12503 12504 12513 12517 12527 12541 12559 12575 12576 12585 12589 12600 12618 12623 12631 12640 12643 12654 12664 12679 12711 12712 12727 12741 12748 12760 12764 12800 12834 12840 12842 12870 12893 12915 12921 12927 12952 12968 12987 12988 13011 13110 13119 13123 13151 13155 13170 13196 13210 13214 13218 13238 13254 13255 13265 13285 13289 13295 13296 13311 13325 13340 13344 13388 13389 13418 13425 13464 13486 13513 13522 13525 13530 13540 13608 13649 13714 18057 18626 18634 18635 
	}

	resources = {
		chromium = 36
		oil = 306
		steel = 34
		aluminium = 132
	}

	history = {
		owner = YNO
		
		victory_points = { 3811 5 }
		victory_points = { 4879 15 }
		victory_points = { 5435 15 }
		victory_points = { 7324 15 }
		victory_points = { 12391 50 }
		victory_points = { 12800 15 }
		victory_points = { 12840 15 }
		victory_points = { 13388 15 }
		
		buildings = {
			infrastructure = 2
			industrial_complex = 2
		}
		
		add_core_of = YNO
	}

}
