state={
	id=970
	name="STATE_970"
	provinces={
		222 913 1275 1432 1576 1769 1805 2085 2098 2308 2416 2498 2637 2879 2912 3181 3777 3945 4552 4584 4647 5165 5673 5683 6920 7234 7493 7548 7848 8270 8519 8621 8685 8733 8765 8784 8843 8915 9390 9486 10194 10395 10429 10520 10605 10865 11056 11192 11271 11275 11352 11373 11397 11533 11534 11643 11698 11736 11795 11851 11885 12179 12441 12718 12720 12856 13006 13334 13343 13476 13540 13663 13693 14030 14103 14494 14521 14522 14599 14906 15074 15142 23874 23908 23924 23947 23992 24006 24032 24033 24042 24065 24066 24088 24089 24112 24127 24138 24147 24179 24191 24213 24236 24237 24238 24248 24254 24261 24294 24331 24332 24377 24386 24401 24421 24464 24473 24495 24496 24552 24569 24583 24600 24618 24628 24642 24643 24658 24669 24672 24693 24694 24695 24720 24732 24747 24748 24761 24762 24772 24777 24778 24800 24809 24810 24827 24828 24829 24848 24887 24893 24903 24918 24934 24942 24952 24955 24961 25010 25018 25042 25052 25073 25082 25126 25133 25183 25207 
	}
	buildings_max_level_factor=1.000
        manpower=1
        state_category = rural
}
