state={
	id=977
	name="STATE_977"
	provinces={
		582 603 1169 1234 1300 1777 2826 3559 3755 3809 3847 4144 4398 4503 4631 4790 4796 4871 5313 5549 5593 5712 6188 6348 6460 6513 6831 6962 7085 7229 7804 8297 8387 8424 8611 8615 8890 9253 9266 9445 9608 9695 9716 9722 9837 9870 9901 10206 10284 10965 11099 11387 11497 11556 11607 11888 12127 12235 12262 12306 12550 12561 12624 12655 12872 13512 13558 13780 13835 13999 14005 14111 14193 14233 14746 14823 14828 15064 15591 15668 15856 23596 23633 23660 23661 23711 23744 23751 23760 23800 23819 23836 23837 23860 23899 23923 23928 23929 23940 23991 23998 24004 24005 24031 24051 24064 24077 24087 24100 24101 24122 24123 24126 24201 24212 24225 24246 24247 24293 24330 24355 24356 24399 24400 24442 24462 24463 24494 24503 24531 24559 24560 24582 24593 24598 24599 24606 24657 24668 24685 24702 24731 24776 24793 24794 24825 24826 24868 24902 24941 24991 
	}
	buildings_max_level_factor=1.000
        manpower=1
        state_category = rural
}
